1
2
3
5
6
19
20
22
26
27
31
36
37
44
47
48
53
54
56
58
59
61
62
100
203
205
208
210
211
214
217
218
224
225
229
230
234
237
238
239
244
250
526
692
752
754
819
866
1007
1223
1286
1615
1657
1713
1714
1828
1934
2276
2402
2403
2566
2635
3038
3215
3279
3485
3531
3578
3655
3805
4084
4128
4145
4183
4332
4392
4510
4598
4709
4735
4738
4808
4815
4829
4899
4909
4973
5007
5043
5075
5077
5169
5404
5490
5661
5734
5757
5818
6031
6037
6073
6121
6526
6619
6638
6949
7004
7047
7086
7153
7210
7216
7295
7372
7470
7486
7492
7498
7500
7524
7525
7526
7546
7746
7774
7897
8063
8111
8170
8182
8212
8257
8264
8353
8371
8373
8412
8414
8424
8433
8440
8441
8480
8483
8495
8501
8526
8530
8531
8532
8533
8551
8553
8557
8572
8575
8586
8600
8611
8621
8636
8638
8639
8640
8647
8659
8668
8670
8672
8674
8675
8678
8683
8707
8721
8728
8742
8747
8756
8763
8764
8772
8778
8785
8794
8795
8796
8814
8819
8822
8827
8829
8837
8839
8854
8856
8890
8894
8895
8896
8897
8914
8918
8923
8958
8966
8975
8976
8977
8979
8985
8995
9003
9020
9029
9040
9041
9044
9051
9054
9058
9067
9075
9084
9090
9094
9098
9099
9101
9103
9105
9113
9114
9116
9122
9124
9139
9156
9162
9164
9171
9172
9174
9179
9180
9183
9185
9190
9191
9195
9224
9230
9234
9236
9242
9245
9249
9254
9256
9263
9270
9277
9291
9298
9300
9304
9306
9310
9316
9317
9318
9320
9324
9326
9327
9332
9335
9337
9338
9340
9343
9346
9347
9351
9354
9355
9356
9357
9360
9361
9363
9364
9368
9369
9371
9374
9375
9377
9395
9400
9403
9408
9416
9424
9427
9439
9443
9444
9453
9461
9463
9468
9469
9471
9476
9477
9482
9489
9492
9493
9495
9497
9502
9514
9515
9521
9526
9540
9542
9545
9549
9550
9554
9565
9574
9578
9584
9589
9598
9600
9601
9602
9609
9617
9622
9635
9650
9652
9669
9680
9684
9690
9692
9696
9698
9716
9723
9734
9735
9738
9743
9745
9749
9752
9758
9762
9767
9783
9786
9796
9801
9812
9819
9823
9829
9832
9833
9840
9847
9849
9850
9859
9862
9881
9882
9884
9891
9895
9896
9902
9905
9909
9913
9914
9920
9930
9937
9939
9951
9957
9962
9967
9971
9973
9978
9998
10006
10009
10015
10018
10028
10029
10030
10036
10041
10043
10058
10065
10068
10074
10079
10083
10088
10091
10094
10095
10104
10109
10116
10118
10120
10132
10134
10138
10143
10146
10153
10155
10158
10166
10168
10172
10179
10184
10185
10197
10202
10208
10217
10222
10228
10230
10233
10234
10236
10242
10248
10261
10263
10268
10269
10270
10273
10275
10278
10285
10303
10306
10311
10318
10326
10327
10333
10336
10362
10365
10367
10381
10383
10391
10396
10402
10403
10408
10423
10428
10439
10459
10466
10504
10505
10516
10517
10530
10533
10536
10541
10549
10554
10567
10569
10581
10582
10590
10593
10597
10598
10600
10604
10605
10606
10610
10620
10621
10622
10648
10656
10665
10671
10682
10685
10694
10696
10697
10706
10713
10715
10719
10724
10727
10730
10731
10733
10739
10747
10756
10767
10768
10769
10770
10779
10780
10783
10790
10793
10796
10801
10807
10813
10822
10824
10826
10835
10846
10847
10850
10851
10857
10866
10871
10880
10888
10892
10893
10899
10916
10926
10928
10933
10935
10942
10949
10953
10963
10968
10971
10972
10973
10978
10979
10986
10988
10990
10992
11007
11012
11015
11020
11022
11025
11036
11041
11042
11044
11046
11054
11057
11074
11075
11077
11081
11094
11105
11113
11119
11129
11134
11136
11138
11147
11161
11170
11180
11184
11191
11195
11204
11208
11209
11213
11220
11225
11229
11234
11235
11237
11241
11249
11252
11259
11260
11263
11264
11268
11271
11280
11283
11286
11293
11304
11311
11320
11322
11323
11349
11350
11357
11358
11360
11363
11367
11385
11390
11397
11405
11406
11414
11415
11416
11437
11441
11446
11449
11456
11462
11477
11489
11490
11493
11498
11502
11516
11531
11536
11542
11548
11549
11555
11557
11563
11566
11570
11571
11573
11574
11578
11590
11592
11594
11595
11596
11598
11604
11605
11607
11609
11614
11615
11616
11618
11623
11630
11634
11635
11636
11645
11651
11660
11664
11666
11669
11670
11675
11682
11687
11688
11693
11694
11696
11697
11701
11708
11712
11726
11736
11749
11750
11752
11754
11763
11765
11767
11771
11775
11786
11797
11825
11826
11828
11829
11832
11833
11835
11837
11840
11847
11854
11856
11863
11864
11866
11869
11874
11878
11883
11885
11887
11892
11894
11897
11903
11909
11913
11917
11918
11927
11956
11963
11965
11966
11967
11973
11977
11978
11979
11980
11988
11989
11996
12005
12024
12027
12036
12038
12062
12064
12066
12069
12087
12088
12107
12108
12109
12110
12111
12115
12116
12134
12142
12152
12158
12161
12167
12171
12174
12176
12177
12178
12181
12188
12190
12191
12196
12201
12203
12205
12206
12215
12226
12235
12237
12245
12250
12251
12254
12256
12257
12260
12263
12266
12275
12282
12286
12298
12305
12306
12307
12324
12339
12340
12344
12353
12357
12377
12379
12381
12390
12391
12401
12402
12407
12414
12415
12424
12431
12435
12448
12453
12454
12455
12464
12470
12480
12484
12492
12501
12504
12510
12512
12514
12519
12522
12525
12526
12539
12543
12552
12558
12568
12573
12583
12594
12595
12603
12615
12617
12623
12628
12666
12672
12678
12681
12693
12697
12701
12702
12705
12709
12712
12716
12718
12721
12732
12734
12743
12754
12765
12775
12783
12789
12797
12798
12809
12817
12821
12828
12837
12840
12842
12850
12859
12865
12867
12887
12892
12893
12898
12900
12918
12920
12921
12924
12928
12942
12956
12961
12962
12979
12988
12997
13004
13009
13010
13019
13030
13033
13048
13051
13052
13054
13066
13068
13072
13076
13088
13089
13098
13103
13110
13114
13131
13145
13149
13152
13157
13161
13170
13172
13177
13184
13193
13194
13195
13221
13229
13233
13252
13255
13259
13260
13270
13271
13272
13273
13289
13313
13319
13326
13327
13331
13335
13345
13357
13359
13369
13370
13373
13385
13386
13397
13411
13414
13419
13421
13422
13429
13435
13439
13446
13451
13453
13456
13457
13464
13466
13478
13487
13489
13509
13514
13516
13531
13532
13533
13558
13561
13564
13568
13573
13574
13582
13586
13587
13589
13599
13605
13612
13627
13629
13632
13650
13653
13654
13655
13662
13666
13667
13674
13687
13697
13710
13715
13720
13725
13726
13727
13729
13733
13740
13741
13746
13753
13754
13760
13763
13769
13773
13776
13781
13785
13791
13798
13815
13823
13825
13829
13839
13849
13854
13861
13868
13869
13875
13882
13886
13895
13896
13901
13903
13906
13919
13925
13926
13930
13934
13941
13948
13950
13953
13955
13958
13963
13964
13968
13973
13987
13996
14001
14003
14009
14010
14012
14016
14020
14026
14028
14035
14036
14043
14048
14060
14061
14089
14093
14106
14107
14111
14123
14127
14132
14152
14158
14168
14170
14171
14178
14181
14192
14193
14195
14196
14206
14211
14226
14230
14243
14257
14261
14274
14277
14285
14288
14289
14293
14304
14305
14306
14329
14332
14335
14336
14347
14357
14359
14366
14367
14372
14375
14378
14380
14382
14383
14395
14400
14407
14412
14427
14431
14442
14454
14459
14485
14486
14495
14496
14498
14505
14510
14512
14516
14521
14526
14535
14541
14548
14549
14551
14555
14577
14582
14586
14589
14604
14610
14613
14615
14635
14637
14638
14642
14646
14648
14657
14661
14671
14673
14674
14680
14683
14686
14689
14694
14700
14712
14714
14715
14742
14747
14748
14754
14755
14758
14762
14763
14773
14774
14775
14778
14780
14783
14789
14792
14799
14801
14805
14812
14848
14851
14858
14861
14864
14868
14874
14878
14888
14896
14897
14910
14912
14913
14916
14920
14921
14926
14931
14932
14935
14941
14944
14946
14948
14957
14962
14968
14984
14996
14997
15002
15004
15007
15019
15024
15028
15038
15042
15046
15058
15060
15062
15104
15109
15111
15123
15128
15131
15132
15135
15140
15145
15147
15152
15157
15167
15168
15169
15181
15204
15206
15207
15208
15209
15216
15225
15230
15239
15255
15268
15275
15280
15283
15292
15307
15308
15329
15339
15345
15354
15361
15363
15365
15369
15373
15376
15377
15385
15386
15399
15409
15414
15421
15425
15427
15439
15444
15459
15465
15468
15470
15476
15478
15489
15503
15512
15523
15534
15536
15543
15550
15554
15562
15564
15579
15582
15583
15588
15592
15596
15602
15620
15621
15625
15646
15652
15655
15659
15674
15679
15682
15684
15699
15710
15720
15728
15753
15777
15785
15790
15794
15805
15808
15809
15814
15815
15824
15830
15832
15843
15845
15853
15856
15868
15869
15873
15885
15890
15901
15908
15912
15920
15930
15938
15939
15954
15962
15979
15983
15988
15989
15991
15996
16001
16007
16018
16035
16040
16049
16050
16052
16053
16054
16058
16059
16063
16066
16073
16074
16076
16078
16082
16085
16088
16091
16092
16096
16097
16100
16101
16113
16116
16118
16127
16141
16142
16144
16147
16149
16154
16167
16180
16184
16195
16198
16203
16204
16211
16213
16217
16225
16228
16231
16246
16260
16262
16265
16266
16267
16268
16272
16276
16277
16283
16289
16294
16306
16311
16319
16336
16356
16361
16362
16363
16365
16368
16377
16383
16392
16393
16401
16413
16426
16427
16429
16447
16458
16459
16466
16481
16484
16486
16489
16496
16506
16507
16517
16519
16521
16533
16544
16552
16556
16569
16570
16578
16584
16585
16586
16587
16589
16598
16602
16604
16609
16614
16623
16626
16628
16631
16643
16664
16705
16706
16715
16718
16729
16739
16745
16749
16751
16753
16754
16755
16757
16766
16771
16772
16787
16806
16817
16824
16833
16834
16842
16844
16846
16853
16854
16855
16869
16876
16885
16897
16902
16903
16905
16906
16912
16916
16918
16929
16935
16936
16938
16943
16950
16951
16953
16955
16967
16986
16989
16991
16998
17001
17004
17007
17012
17013
17014
17017
17020
17023
17028
17030
17036
17038
17047
17049
17076
17084
17087
17088
17089
17105
17118
17125
17156
17158
17163
17179
17206
17213
17221
17223
17238
17244
17245
17246
17247
17253
17257
17258
17262
17263
17265
17267
17278
17279
17282
17292
17294
17299
17300
17311
17320
17321
17341
17349
17356
17363
17369
17373
17375
17376
17377
17383
17384
17389
17392
17408
17410
17415
17417
17421
17433
17443
17451
17455
17466
17468
17488
17493
17496
17498
17501
17502
17520
17521
17522
17529
17532
17551
17554
17570
17587
17604
17618
17642
17659
17672
17676
17686
17691
17704
17705
17710
17711
17732
17735
17744
17750
17751
17754
17758
17763
17767
17781
17784
17792
17793
17800
17818
17822
17832
17835
17847
17860
17869
17900
17901
17905
17906
17910
17916
17917
17919
17927
17932
17938
17949
17956
17966
17994
18003
18005
18015
18023
18028
18032
18045
18062
18068
18086
18131
18163
18164
18184
18186
18205
18216
18233
18234
18245
18255
18267
18284
18285
18298
18314
18316
18321
18325
18340
18353
18356
18362
18364
18369
18372
18383
18403
18413
18455
18464
18478
18506
18510
18515
18523
18529
18532
18534
18536
18537
18539
18540
18543
18546
18547
18562
18568
18569
18581
18589
18595
18602
18608
18614
18633
18638
18644
18646
18652
18667
18680
18681
18688
18691
18693
18712
18713
18714
18721
18729
18731
18744
18757
18759
18760
18761
18763
18772
18776
18777
18781
18782
18788
18790
18800
18811
18822
18826
18832
18835
18839
18845
18846
18877
18885
18886
18896
18898
18905
18918
18922
18935
18936
18943
18944
18954
18979
18991
18992
18995
19023
19035
19036
19041
19043
19045
19051
19052
19060
19078
19081
19088
19094
19095
19099
19102
19113
19115
19128
19129
19136
19141
19144
19156
19162
19163
19168
19172
19173
19179
19188
19189
19190
19192
19194
19196
19203
19206
19211
19216
19219
19220
19221
19262
19273
19277
19278
19280
19282
19287
19308
19324
19337
19338
19341
19342
19348
19349
19353
19358
19359
19361
19382
19389
19396
19398
19402
19406
19410
19415
19419
19421
19444
19446
19453
19458
19459
19463
19470
19476
19489
19492
19499
19500
19502
19503
19509
19511
19518
19521
19525
19533
19536
19538
19547
19548
19571
19588
19593
19594
19598
19601
19611
19625
19629
19630
19648
19666
19668
19669
19674
19680
19686
19706
19710
19711
19712
19715
19717
19732
19750
19755
19759
19760
19765
19771
19772
19774
19775
19777
19778
19786
19787
19793
19795
19798
19803
19804
19807
19818
19819
19828
19836
19839
19857
19861
19868
19869
19872
19879
19881
19884
19888
19890
19891
19892
19893
19896
19905
19910
19913
19922
19927
19929
19930
19940
19944
19952
19957
19959
19967
19968
19972
19980
19981
19986
19987
19989
19990
19994
19996
19997
20001
20007
20011
20018
20029
20036
20037
20043
20046
20049
20050
20051
20054
20058
20062
20067
20068
20071
20076
20081
20083
20094
20095
20100
20107
20108
20123
20127
20128
20135
20140
20141
20142
20151
20155
20162
20165
20171
20175
20178
20180
20183
20185
20186
20197
20213
20214
20215
20217
20223
20224
20226
20230
20231
20232
20235
20236
20238
20246
20253
20261
20267
20270
20271
20275
20280
20283
20284
20286
20290
20300
20305
20306
20307
20308
20309
20311
20313
20314
20318
20323
20325
20327
20335
20339
20343
20350
20352
20356
20364
20366
20373
20374
20376
20377
20382
20383
20397
20404
20407
20408
20409
20412
20414
20417
20418
20425
20434
20437
20438
20439
20442
20445
20449
20457
20459
20461
20473
20483
20484
20487
20488
20494
20499
20502
20504
20516
20519
20522
20525
20535
20539
20542
20549
20550
20551
20559
20560
20565
20568
20583
20584
20585
20586
20588
20593
20595
20603
20612
20613
20615
20631
20632
20635
20636
20638
20640
20645
20646
20647
20650
20655
20658
20664
20666
20669
20674
20675
20677
20678
20686
20687
20691
20692
20693
20694
20697
20698
20699
20700
20702
20705
20708
20712
20718
20720
20725
20738
20739
20742
20743
20751
20753
20755
20765
20767
20771
20772
20773
20777
20778
20789
20797
20803
20804
20806
20807
20808
20809
20811
20816
20817
20824
20825
20827
20828
20831
20833
20836
20839
20840
20847
20852
20853
20855
20856
20870
20875
20880
20881
20883
20893
20895
20904
20913
20915
20917
20918
20936
20939
20940
20941
20942
20943
20944
20949
20952
20957
20960
20964
20970
20976
20977
20978
20979
20980
20986
20987
20988
20992
20998
21004
21009
21012
21016
21026
21031
21038
21047
21051
21059
21061
21070
21078
21079
21080
21082
21083
21085
21086
21089
21092
21095
21106
21107
21108
21109
21110
21117
21118
21119
21131
21132
21138
21155
21158
21160
21162
21166
21173
21180
21183
21188
21191
21193
21195
21197
21198
21200
21214
21216
21218
21237
21248
21257
21259
21263
21270
21273
21277
21283
21291
21301
21314
21319
21321
21328
21351
21355
21360
21368
21378
21380
21387
21391
21396
21402
21406
21408
21409
21414
21419
21422
21434
21443
21452
21466
21467
21468
21508
21521
21522
21527
21528
21533
21536
21545
21555
21561
21562
21568
21577
21579
21585
21586
21589
21596
21608
21609
21614
21616
21617
21629
21630
21632
21636
21655
21667
21670
21672
21675
21681
21691
21696
21708
21709
21712
21713
21718
21725
21731
21739
21741
21744
21752
21757
21759
21765
21768
21785
21791
21797
21808
21809
21810
21818
21826
21835
21844
21848
21854
21885
21890
21891
21898
21904
21906
21910
21912
21923
21931
21939
21940
21945
21956
21959
21975
21980
21983
21987
21992
22008
22020
22021
22027
22030
22039
22044
22051
22054
22057
22058
22068
22071
22074
22087
22089
22094
22099
22101
22108
22112
22114
22117
22124
22128
22138
22140
22146
22151
22161
22177
22186
22197
22209
22211
22234
22246
22253
22255
22263
22267
22285
22288
22299
22315
22316
22324
22330
22335
22341
22352
22354
22365
22377
22378
22382
22389
22400
22402
22406
22409
22416
22422
22434
22435
22437
22440
22443
22451
22452
22457
22461
22463
22468
22472
22474
22475
22484
22485
22487
22493
22495
22515
22523
22529
22542
22554
22555
22559
22560
22566
22590
22597
22604
22610
22615
22617
22620
22621
22626
22639
22652
22658
22663
22668
22674
22681
22686
22690
22698
22705
22710
22711
22712
22723
22724
22730
22732
22736
22737
22739
22742
22748
22752
22755
22759
22761
22769
22776
22778
22780
22786
22798
22806
22808
22809
22810
22817
22824
22863
22865
22875
22876
22883
22885
22890
22893
22896
22897
22901
22908
22912
22917
22927
22929
22939
22945
22951
22964
22996
23005
23014
23019
23027
23036
23040
23047
23051
23057
23061
23066
23078
23085
23086
23092
23114
23118
23127
23128
23144
23150
23153
23159
23168
23169
23172
23175
23176
23177
23178
23193
23196
23209
23211
23213
23233
23234
23238
23239
23242
23260
23274
23283
23304
23314
23315
23322
23327
23332
23336
23337
23339
23345
23353
23356
23367
23398
23401
23404
23417
23424
23425
23428
23444
23445
23447
23460
23466
23470
23472
23476
23481
23488
23490
23497
23500
23527
23534
23543
23545
23547
23557
23561
23569
23572
23575
23583
23589
23590
23592
23594
23598
23599
23606
23609
23622
23623
23633
23647
23662
23672
23673
23683
23689
23695
23700
23712
23723
23730
23733
23762
23768
23789
23794
23796
23802
23806
23812
23816
23828
23830
23839
23842
23844
23856
23857
23867
23873
23874
23885
23892
23900
23921
23922
23931
23938
23944
23949
23950
23951
23953
23967
23968
23970
23973
23980
23982
23988
23990
24002
24012
24013
24025
24032
24033
24037
24055
24060
24067
24070
24076
24086
24089
24090
24091
24094
24097
24098
24099
24107
24109
24110
24113
24114
24116
24117
24129
24153
24160
24162
24177
24184
24186
24187
24193
24195
24204
24205
24209
24219
24220
24222
24227
24228
24230
24233
24234
24236
24237
24240
24242
24246
24256
24271
24276
24278
24279
24280
24285
24288
24299
24301
24307
24310
24318
24328
24329
24330
24331
24338
24339
24340
24342
24347
24349
24358
24363
24365
24386
24410
24416
24417
24419
24424
24427
24430
24431
24435
24436
24437
24447
24450
24458
24462
24468
24472
24475
24479
24480
24482
24489
24490
24496
24498
24499
24525
24529
24535
24543
24548
24555
24558
24560
24563
24567
24570
24573
24587
24589
24599
24604
24607
24619
24637
24639
24641
24642
24652
24666
24668
24669
24677
24680
24694
24699
24705
24715
24718
24731
24744
24746
24756
24758
24785
24787
24789
24799
24803
24805
24808
24818
24831
24832
24835
24837
24843
24848
24850
24854
24870
24874
24877
24881
24886
24889
24898
24905
24908
24909
24911
24914
24920
24921
24946
24947
24949
24952
24955
24958
24959
24975
24977
24979
24994
24996
25001
25003
25012
25016
25030
25032
25035
25039
25042
25052
25065
25068
25069
25074
25075
25078
25083
25084
25089
25092
25093
25095
25097
25113
25127
25140
25142
25144
25146
25153
25157
25168
25181
25187
25190
25194
25196
25211
25215
25217
25230
25236
25241
25243
25244
25245
25251
25260
25267
25277
25282
25291
25298
25305
25309
25328
25337
25342
25345
25348
25349
25353
25366
25368
25369
25376
25379
25380
25381
25387
25392
25404
25428
25430
25434
25446
25452
25454
25469
25472
25475
25481
25490
25491
25496
25513
25514
25518
25524
25543
25546
25550
25554
25560
25567
25579
25591
25598
25599
25615
25623
25628
25631
25638
25642
25648
25673
25678
25682
25686
25692
25705
25711
25731
25737
25748
25750
25754
25775
25776
25789
25796
25805
25813
25819
25820
25836
25840
25844
25860
25864
25883
25893
25900
25902
25904
25906
25915
25919
25922
25926
25944
25949
25959
25962
25968
25973
25976
25985
25991
25999
26002
26014
26017
26020
26033
26040
26050
26058
26066
26077
26080
26090
26092
26100
26106
26108
26114
26118
26125
26143
26149
26163
26165
26178
26184
26186
26187
26201
26202
26214
26220
26229
26235
26243
26247
26251
26253
26254
26265
26269
26272
26282
26285
26287
26307
26310
26313
26315
26316
26323
26324
26325
26327
26353
26360
26363
26367
26369
26382
26385
26389
26391
26401
26413
26415
26420
26428
26431
26435
26446
26450
26452
26457
26458
26465
26475
26491
26496
26501
26507
26513
26515
26521
26531
26541
26542
26546
26549
26555
26557
26560
26569
26572
26574
26577
26587
26595
26608
26614
26625
26637
26638
26647
26650
26652
26653
26668
26669
26681
26683
26686
26699
26701
26705
26712
26715
26723
26724
26730
26731
26733
26745
26769
26787
26807
26817
26835
26838
26842
26851
26854
26858
26873
26885
26886
26887
26889
26904
26906
26907
26913
26930
26932
26935
26951
26970
26972
26984
26992
26999
27006
27009
27016
27019
27032
27034
27036
27043
27056
27061
27062
27076
27086
27087
27088
27109
27111
27112
27120
27134
27136
27148
27152
27156
27164
27166
27170
27181
27183
27196
27207
27208
27209
27217
27223
27227
27230
27235
27237
27242
27248
27250
27254
27257
27259
27265
27270
27277
27290
27305
27314
27317
27318
27323
27325
27330
27335
27344
27346
27350
27352
27354
27356
27362
27368
27373
27384
27391
27394
27404
27417
27422
27426
27447
27465
27466
27473
27474
27483
27493
27494
27511
27516
27522
27545
27554
27567
27569
27578
27587
27589
27608
27614
27626
27628
27643
27645
27649
27650
27651
27653
27678
27682
27694
27702
27703
27708
27735
27755
27756
27773
27799
27802
27804
27807
27811
27816
27845
27855
27858
27861
27873
27886
27891
27902
27903
27905
27913
27922
27923
27924
27936
27946
27952
27957
27967
27971
27974
27977
27985
27987
27988
27990
27993
28000
28003
28007
28032
28035
28036
28059
28067
28077
28084
28096
28106
28107
28111
28113
28115
28126
28132
28137
28139
28141
28144
28153
28167
28169
28173
28186
28190
28196
28198
28202
28204
28213
28215
28248
28257
28260
28266
28267
28291
28294
28299
28307
28314
28317
28319
28327
28329
28351
28352
28365
28372
28383
28384
28389
28393
28395
28399
28406
28412
28413
28417
28424
28433
28446
28460
28461
28469
28485
28490
28496
28498
28504
28510
28517
28531
28533
28546
28559
28560
28570
28574
28583
28595
28598
28605
28606
28607
28612
28613
28626
28632
28651
28666
28676
28690
28691
28699
28707
28712
28726
28728
28731
28737
28749
28750
28764
28770
28771
28772
28776
28784
28793
28808
28816
28820
28821
28830
28831
28833
28838
28839
28843
28844
28853
28857
28858
28861
28864
28865
28867
28868
28873
28907
28912
28919
28926
28929
28932
28942
28947
28949
28963
28965
28976
28983
28984
28985
28994
29000
29001
29002
29004
29006
29008
29014
29016
29019
29022
29023
29029
29033
29036
29038
29052
29054
29058
29060
29066
29080
29112
29116
29123
29130
29138
29149
29154
29155
29161
29164
29166
29169
29184
29186
29188
29193
29195
29199
29200
29206
29207
29211
29216
29225
29251
29259
29269
29270
29278
29281
29293
29302
29307
29310
29314
29318
29323
29324
29333
29348
29350
29354
29363
29367
29369
29372
29380
29381
29382
29388
29390
29391
29393
29409
29410
29411
29415
29428
29429
29443
29448
29452
29454
29455
29460
29466
29468
29475
29483
29484
29487
29490
29492
29495
29501
29505
29508
29509
29510
29511
29514
29516
29522
29526
29528
29529
29535
29542
29543
29546
29550
29552
29556
29557
29565
29566
29571
29572
29579
29581
29590
29594
29600
29601
29603
29605
29606
29610
29616
29617
29618
29622
29628
29632
29633
29636
29638
29641
29645
29648
29660
29663
29667
29675
29676
29680
29683
29686
29688
29689
29692
29696
29700
29701
29702
29705
29708
29709
29711
29728
29731
29732
29733
29745
29747
29752
29754
29757
29758
29761
29765
29767
29769
29779
29781
29783
29787
29792
29794
29795
29808
29812
29816
29820
29824
29825
29828
29832
29843
29852
29854
29855
29856
29859
29860
29883
29887
29889
29891
29893
29897
29898
29900
29901
29906
29907
29908
29912
29914
29916
29919
29922
29928
29930
29936
29938
29940
29941
29947
29959
29963
29966
29969
29970
29976
29984
29989
29998
30000
30007
30013
30014
30015
30018
30029
30034
30035
30036
30040
30042
30043
30044
30046
30047
30051
30059
30061
30062
30063
30069
30071
30072
30076
30078
30081
30083
30090
30099
30101
30105
30107
30112
30116
30120
30134
30135
30138
30140
30141
30148
30157
30164
30166
30174
30186
30187
30188
30190
30193
30195
30200
30201
30203
30204
30206
30208
30215
30216
30217
30218
30227
30228
30229
30234
30235
30236
30247
30254
30259
30263
30265
30266
30273
30274
30277
30278
30279
30280
30281
30288
30289
30290
30303
30309
30310
30313
30326
30331
30332
30338
30339
30341
30343
30344
30346
30372
30373
30377
30379
30380
30384
30388
30390
30393
30394
30395
30397
30399
30403
30410
30416
30417
30419
30422
30424
30425
30427
30430
30432
30440
30441
30450
30451
30453
30455
30461
30469
30476
30480
30488
30493
30494
30500
30501
30515
30517
30520
30523
30525
30530
30532
30534
30537
30538
30539
30543
30544
30549
30561
30564
30567
30568
30580
30589
30591
30594
30608
30609
30610
30614
30617
30622
30628
30633
30634
30637
30639
30641
30642
30645
30660
30662
30678
30681
30683
30686
30688
30689
30696
30700
30702
30703
30714
30720
30721
30723
30725
30726
30732
30736
30737
30742
30761
30764
30766
30768
30775
30777
30778
30781
30782
30788
30799
30803
30813
30829
30831
30833
30846
30851
30855
30861
30862
30873
30879
30895
30899
30901
30909
30914
30920
30926
30929
30934
30935
30944
30947
30955
30962
30964
30977
30982
30983
30985
31003
31025
31030
31039
31041
31043
31045
31048
31055
31066
31067
31073
31079
31083
31086
31092
31094
31095
31110
31111
31113
31116
31118
31121
31124
31130
31131
31142
31146
31147
31153
31154
31156
31161
31163
31168
31169
31170
31172
31175
31176
31178
31180
31184
31186
31190
31191
31196
31200
31211
31223
31224
31226
31230
31239
31240
31242
31246
31250
31276
31282
31284
31287
31290
31295
31305
31316
31317
31324
31334
31346
31352
31356
31358
31371
31372
31374
31378
31379
31391
31396
31403
31416
31426
31435
31437
31438
31441
31443
31444
31448
31466
31469
31475
31478
31480
31482
31484
31488
31493
31495
31499
31501
31512
31515
31523
31546
31553
31556
31560
31566
31571
31590
31593
31599
31609
31614
31622
31629
31632
31636
31641
31645
31650
31651
31658
31688
31690
31712
31718
31730
31731
31744
31764
31771
31772
31789
31792
31793
31816
31818
31821
31824
31829
31835
31839
31841
31848
31851
31869
31872
31877
31879
31884
31896
31911
31914
31930
31933
31946
31948
31953
31956
31963
31973
31979
31982
31984
31987
31989
31996
32002
32004
32023
32033
32048
32050
32075
32079
32088
32090
32092
32093
32102
32105
32107
32126
32127
32130
32138
32140
32143
32159
32170
32196
32209
32234
32238
32243
32251
32257
32261
32274
32276
32286
32287
32296
32311
32312
32313
32319
32321
32330
32336
32341
32342
32350
32352
32357
32363
32365
32381
32403
32404
32408
32409
32415
32419
32426
32435
32439
32448
32449
32452
32457
32464
32465
32478
32484
32488
32489
32500
32503
32527
32531
32532
32533
32537
32540
32543
32545
32547
32558
32559
32560
32569
32572
32590
32593
32595
32602
32604
32610
32611
32614
32618
32620
32621
32626
32636
32638
32641
32643
32645
32654
32657
32658
32668
32673
32687
32693
32704
32708
32715
32722
32732
32733
32734
32735
32743
32745
32752
32754
32758
32768
32788
32790
32794
32796
32809
32813
32814
32826
32831
32835
32840
32847
32868
32885
32899
32901
32906
32912
32914
32920
32922
32932
32937
32941
32956
32964
32966
32967
32970
32974
32978
32996
33003
33024
33027
33029
33030
33034
33062
33074
33076
33084
33087
33088
33096
33102
33107
33117
33121
33123
33130
33151
33152
33155
33156
33158
33169
33174
33175
33193
33201
33203
33205
33210
33218
33223
33235
33242
33243
33253
33256
33262
33265
33274
33277
33290
33315
33319
33331
33341
33344
33345
33347
33358
33374
33390
33398
33399
33406
33407
33412
33421
33423
33439
33446
33447
33452
33461
33465
33471
33472
33484
33488
33509
33537
33544
33554
33555
33567
33570
33571
33580
33585
33591
33596
33599
33602
33606
33609
33614
33617
33620
33643
33645
33659
33660
33677
33679
33683
33686
33694
33703
33704
33707
33718
33722
33729
33736
33739
33750
33751
33755
33766
33786
33788
33795
33804
33826
33834
33837
33838
33839
33842
33844
33847
33854
33857
33858
33863
33875
33876
33883
33886
33892
33895
33898
33902
33906
33907
33910
33962
33968
33969
33986
34006
34008
34019
34024
34035
34043
34047
34050
34054
34059
34062
34063
34077
34095
34101
34108
34114
34119
34121
34131
34150
34155
34159
34162
34163
34167
34196
34198
34205
34207
34219
34223
34224
34226
34232
34250
34251
34259
34267
34269
34283
34300
34304
34309
34314
34332
34333
34339
34343
34347
34350
34354
34355
34366
34375
34382
34385
34394
34396
34409
34430
34435
34451
34452
34453
34455
34456
34471
34482
34494
34495
34501
34510
34519
34530
34534
34547
34548
34553
34564
34576
34581
34582
34586
34588
34589
34590
34591
34602
34610
34618
34620
34626
34631
34635
34648
34660
34676
34679
34700
34707
34716
34721
34756
34768
34772
34781
34784
34791
34795
34800
34824
34828
34842
34843
34847
34851
34870
34873
34887
34893
34896
34897
34923
34935
34936
34960
34976
34978
34987
34999
35003
35012
35013
35043
35047
35051
35055
35089
35115
35120
35146
35168
35169
35177
35178
35188
35202
35204
35205
35207
35214
35220
35221
35222
35223
35230
35241
35267
35269
35278
35303
35316
35322
35346
35347
35350
35383
35386
35394
35398
35407
35422
35423
35425
35427
35438
35442
35445
35450
35452
35454
35459
35460
35463
35465
35470
35474
35478
35481
35493
35496
35510
35511
35515
35519
35520
35531
35533
35543
35555
35559
35561
35564
35590
35601
35609
35620
35623
35626
35642
35645
35649
35655
35673
35674
35685
35686
35689
35692
35703
35709
35711
35737
35740
35750
35753
35755
35761
35768
35774
35776
35790
35812
35824
35850
35866
35877
35893
35903
35927
35947
35960
35968
35977
35983
35988
35998
36007
36009
36011
36029
36032
36036
36044
36046
36052
36054
36057
36064
36083
36085
36090
36093
36096
36106
36109
36113
36116
36118
36119
36125
36128
36133
36141
36151
36159
36160
36181
36188
36203
36206
36215
36218
36222
36224
36227
36232
36241
36244
36253
36254
36255
36262
36264
36274
36275
36282
36286
36290
36297
36303
36304
36308
36309
36321
36324
36330
36332
36349
36351
36372
36374
36378
36380
36382
36397
36410
36419
36420
36431
36445
36450
36455
36456
36460
36461
36467
36474
36482
36496
36501
36502
36505
36508
36509
36512
36513
36516
36532
36534
36538
36547
36551
36553
36561
36564
36572
36577
36583
36584
36591
36603
36604
36634
36643
36651
36655
36662
36664
36670
36672
36674
36682
36684
36691
36694
36696
36702
36703
36708
36715
36716
36717
36723
36724
36729
36733
36744
36749
36755
36756
36758
36760
36763
36764
36767
36774
36775
36794
36796
36804
36807
36810
36813
36815
36821
36832
36836
36837
36843
36845
36851
36853
36856
36860
36862
36868
36877
36882
36890
36908
36909
36917
36923
36928
36938
36943
36952
36956
36971
36978
36992
36996
37019
37021
37022
37023
37039
37042
37050
37060
37062
37080
37081
37083
37087
37088
37098
37099
37101
37108
37111
37114
37115
37119
37122
37124
37126
37134
37136
37141
37153
37158
37171
37212
37218
37232
37240
37245
37246
37258
37268
37271
37275
37277
37283
37287
37292
37302
37306
37307
37312
37315
37323
37334
37335
37337
37346
37356
37358
37361
37367
37369
37370
37371
37380
37382
37385
37393
37399
37401
37408
37409
37422
37436
37441
37469
37480
37494
37501
37525
37528
37529
37556
37561
37566
37583
37589
37590
37591
37594
37601
37602
37611
37630
37639
37643
37649
37652
37653
37657
37662
37672
37678
37695
37696
37702
37704
37707
37709
37711
37712
37718
37723
37725
37726
37727
37730
37738
37745
37750
37760
37785
37802
37805
37813
37814
37817
37828
37829
37856
37859
37860
37863
37868
37872
37877
37882
37888
37890
37894
37903
37914
37937
37940
37944
37947
37952
37953
37983
37992
37994
37997
38004
38005
38012
38014
38015
38017
38024
38029
38032
38037
38057
38062
38065
38066
38070
38082
38091
38097
38109
38129
38137
38139
38144
38153
38158
38159
38167
38173
38185
38187
38190
38197
38203
38206
38213
38218
38222
38230
38234
38250
38253
38260
38269
38272
38276
38282
38286
38287
38292
38318
38323
38327
38339
38346
38359
38386
38398
38400
38408
38410
38421
38436
38441
38451
38456
38458
38479
38493
38503
38517
38535
38544
38552
38560
38566
38586
38589
38592
38593
38604
38620
38625
38630
38639
38643
38647
38650
38667
38670
38681
38684
38695
38700
38704
38709
38738
38743
38749
38750
38761
38765
38768
38769
38772
38784
38785
38798
38814
38824
38827
38843
38860
38869
38887
38889
38892
38894
38904
38909
38943
38960
38963
38969
38970
38978
38986
38990
38997
38999
39002
39028
39031
39041
39046
39047
39050
39056
39058
39059
39062
39073
39076
39079
39089
39100
39101
39105
39115
39120
39124
39138
39149
39152
39160
39174
39185
39189
39190
39199
39211
39213
39223
39225
39237
39239
39242
39244
39254
39263
39304
39305
39309
39316
39325
39355
39359
39364
39388
39394
39418
39427
39436
39465
39467
39468
39477
39482
39497
39511
39515
39520
39526
39538
39542
39548
39554
39558
39561
39562
39563
39568
39580
39583
39590
39627
39629
39647
39651
39665
39666
39668
39669
39670
39691
39718
39725
39730
39737
39739
39749
39752
39766
39769
39770
39786
39787
39789
39796
39809
39816
39818
39820
39823
39824
39831
39834
39836
39840
39841
39855
39866
39867
39869
39873
39874
39885
39886
39889
39893
39903
39913
39914
39926
39937
39938
39944
39956
39964
39981
39988
40001
40007
40008
40028
40033
40036
40051
40053
40062
40066
40075
40076
40078
40085
40101
40104
40123
40124
40128
40139
40147
40149
40156
40161
40179
40185
40202
40208
40211
40220
40221
40246
40251
40254
40274
40289
40290
40307
40312
40313
40316
40332
40343
40344
40345
40350
40358
40368
40369
40382
40400
40408
40411
40412
40414
40415
40420
40425
40426
40436
40440
40443
40463
40469
40471
40492
40502
40514
40518
40521
40534
40547
40551
40561
40567
40573
40577
40579
40581
40588
40591
40594
40597
40603
40626
40629
40634
40640
40644
40645
40657
40661
40667
40669
40689
40692
40695
40700
40711
40721
40725
40738
40750
40753
40768
40770
40779
40794
40795
40796
40800
40801
40806
40811
40812
40817
40819
40822
40829
40831
40833
40837
40838
40843
40852
40859
40860
40872
40882
40887
40894
40900
40904
40913
40922
40923
40929
40932
40943
40949
40966
40980
40982
40999
41013
41014
41016
41030
41041
41055
41063
41069
41070
41089
41091
41097
41101
41113
41120
41134
41164
41167
41177
41178
41181
41185
41195
41196
41201
41207
41208
41210
41226
41230
41238
41239
41240
41241
41245
41251
41254
41256
41259
41260
41263
41266
41267
41279
41281
41306
41317
41321
41324
41326
41327
41330
41334
41372
41373
41376
41381
41393
41401
41410
41417
41445
41461
41462
41463
41508
41515
41516
41524
41526
41537
41545
41548
41554
41559
41576
41581
41584
41585
41594
41595
41602
41605
41622
41630
41631
41634
41641
41649
41652
41658
41663
41669
41670
41675
41678
41687
41692
41710
41711
41712
41721
41722
41730
41737
41738
41742
41744
41747
41768
41773
41777
41785
41801
41802
41810
41834
41838
41853
41858
41869
41871
41883
41892
41894
41895
41896
41901
41909
41916
41925
41928
41932
41940
41945
41955
41962
41965
41968
41970
41972
41978
41979
41984
41985
41991
41993
41994
42001
42003
42026
42034
42036
42038
42040
42046
42048
42050
42062
42079
42087
42092
42094
42113
42116
42118
42130
42133
42139
42149
42155
42170
42181
42202
42219
42228
42240
42250
42253
42263
42270
42274
42288
42290
42291
42294
42296
42300
42305
42306
42307
42308
42314
42328
42329
42332
42334
42342
42343
42353
42358
42361
42378
42395
42415
42422
42434
42444
42453
42462
42468
42470
42474
42484
42488
42490
42499
42500
42501
42505
42515
42538
42542
42543
42555
42557
42560
42572
42574
42578
42582
42590
42596
42614
42615
42620
42624
42632
42639
42652
42674
42677
42686
42705
42713
42730
42733
42738
42743
42745
42756
42761
42762
42769
42781
42785
42807
42821
42827
42834
42840
42847
42870
42871
42873
42879
42895
42897
42900
42902
42903
42907
42910
42912
42918
42939
42942
42947
42953
42965
42967
42968
42969
42971
42977
42980
42981
42985
42995
43004
43005
43008
43011
43012
43014
43026
43029
43032
43042
43045
43049
43057
43058
43060
43073
43103
43109
43123
43129
43131
43139
43149
43150
43153
43155
43166
43176
43178
43187
43191
43195
43201
43202
43203
43205
43210
43227
43230
43237
43240
43248
43251
43262
43263
43264
43266
43281
43296
43301
43302
43314
43326
43332
43353
43361
43372
43375
43378
43380
43408
43409
43416
43427
43430
43434
43455
43475
43491
43496
43505
43506
43516
43521
43527
43533
43535
43539
43540
43552
43557
43561
43571
43580
43581
43587
43591
43597
43607
43615
43616
43619
43623
43629
43631
43644
43650
43652
43654
43662
43664
43682
43683
43686
43688
43690
43699
43705
43707
43709
43741
43743
43746
43749
43752
43755
43757
43759
43767
43778
43792
43805
43808
43809
43813
43820
43824
43826
43827
43834
43837
43840
43848
43853
43854
43861
43865
43866
43870
43876
43882
43884
43888
43896
43904
43928
43929
43932
43938
43945
43955
43962
43966
43970
43975
44006
44007
44009
44020
44023
44038
44044
44047
44048
44052
44056
44057
44059
44060
44063
44075
44081
44083
44096
44106
44110
44113
44125
44136
44140
44156
44161
44164
44169
44190
44194
44196
44197
44198
44199
44202
44205
44211
44213
44223
44228
44229
44239
44254
44256
44258
44268
44278
44285
44295
44296
44297
44298
44304
44305
44317
44321
44324
44333
44340
44346
44378
44383
44389
44390
44399
44403
44405
44409
44410
44418
44436
44443
44452
44471
44472
44475
44478
44491
44493
44510
44540
44559
44573
44580
44595
44603
44628
44632
44641
44642
44647
44649
44658
44664
44703
44706
44721
44724
44727
44729
44734
44747
44756
44762
44774
44776
44781
88218
88412
88516
88524
88824
89150
89162
89374
89434
89484
89578
89686
89720
89924
90036
90090
90444
90772
90816
91200
91366
91430
91478
91820
91836
91858
91900
91906
92102
92162
92450
92486
92530
92696
92852
92892
93026
93156
93230
93322
93438
93488
93576
93760
93810
93852
93898
93936
94028
94490
94566
94962
95102
95126
95406
95662
95668
95742
95940
95972
96024
96100
96156
96190
96316
96480
96654
96752
96804
97008
97016
97036
97518
97572
97628
97762
97850
97884
98066
98072
98818
98946
99270
99318
99400
99470
99548
99676
99922
99924
100050
100190
100228
100330
100338
100420
100508
100728
100730
100750
100862
100986
101008
101150
101218
101388
101824
101842
101866
101990
102004
102202
102480
102546
102638
102754
102790
102820
103242
103298
103380
103384
104068
104390
104466
104710
104768
104820
104870
105146
105176
105228
105372
105478
105728
105836
105926
105938
106056
106068
106118
106402
106422
106540
106658
106810
106842
107024
107058
107086
107108
107182
107322
107502
107508
107524
107550
107662
107994
108080
108086
108232
108338
108372
108402
108502
108686
108704
109050
109178
109254
109256
109444
109582
109694
109736
109742
109846
109968
109980
110104
110244
110292
110298
110328
110332
110350
110392
110522
110580
110698
110812
110814
110872
111002
111192
111248
111516
111636
111660
111970
112276
112300
112362
112470
112664
112904
113174
113254
113264
113340
113344
113346
113348
113358
113414
113452
113502
113600
113658
113714
113724
113752
114002
114082
114150
114190
114340
114362
114380
114442
114446
114466
114576
114644
114792
114850
114988
115000
115016
115066
115096
115232
115324
115346
115518
115528
115576
115632
115654
115680
115700
115720
115744
115848
115946
116010
116054
116060
116072
116210
116556
116578
116622
116720
116766
116850
117002
117020
117032
117048
117076
117216
117230
117298
117340
117562
117584
117670
117748
118014
118084
118122
118292
118314
118376
118390
118416
118420
118544
118602
118738
118774
118852
118884
118920
119000
119106
119164
119198
119220
119338
119374
119444
119446
119540
119542
119556
119598
119754
119770
119796
119812
119930
120172
120274
120318
120394
120642
120682
120702
120732
120734
120834
120874
120944
120990
121032
121040
121054
121098
121276
121300
121326
121344
121372
121376
121378
121526
121544
121584
121632
121950
122040
122306
122428
122614
122806
122892
122940
123190
123198
123292
123324
123462
123522
123572
123972
123980
124014
124112
124122
124396
124742
124762
124792
124866
125062
125118
125172
125178
125216
125286
125492
125574
125608
125716
125738
125852
125854
125876
125902
126046
126602
126618
126638
126646
126794
126842
126866
126886
127034
127106
127192
127226
127372
127394
127528
127610
127650
127682
127728
127734
128006
128122
128180
128278
128286
128316
128332
128650
128856
128902
128960
129174
129238
129256
129316
129718
129830
130142
130164
130258
130328
130332
130410
130442
130448
130658
130704
130774
130962
131030
131074
131158
131164
131224
131296
131452
131522
131658
131708
131800
131812
131940
132024
132141
132300
132348
132381
132448
132464
132484
132568
132638
132726
132834
132891
132894
132930
132942
132944
132948
133020
133059
133137
133150
133233
133419
133450
133516
133528
133544
133552
133677
133702
133704
133716
133788
133866
133960
133974
134062
134100
134168
134216
134286
134475
134490
134506
134524
134560
134570
134640
134698
134742
134796
134892
134958
134964
135006
135042
135057
135058
135116
135130
135186
135194
135240
135258
135332
135378
135423
135462
135464
135472
135480
135494
135498
135558
135592
135604
135610
135662
135690
135714
135742
135843
135854
135864
135874
135896
136024
136054
136170
136178
136184
136278
136280
136287
136388
136432
136456
136560
136568
136654
136660
136725
136734
136782
136810
136946
136972
137068
137146
137166
137212
137214
137222
137366
137454
137559
137644
137656
137712
137748
137768
137900
137944
137964
138096
138128
138134
138190
138224
138258
138264
138300
138354
138416
138614
138804
138836
138858
138957
139004
139100
139116
139230
139314
139356
139422
139454
139524
139576
139594
139653
139707
139737
139743
139857
139866
139911
139924
139936
139956
139965
140058
140202
140562
140588
140590
140613
140634
140740
140798
140950
141006
141010
141040
141082
141092
141118
141128
141132
141321
141324
141328
141518
141528
141584
141624
141650
141813
141864
141976
142058
142080
142132
142156
142246
142394
142588
142788
142836
142914
142952
143104
143258
143265
143298
143372
143392
143418
143524
143572
143604
143620
143692
143862
143890
143922
144274
144298
144310
144393
144478
144514
144580
144760
144776
144804
144891
144944
145074
145126
145155
145167
145272
145310
145472
145479
145518
145520
145647
145653
145726
145734
145737
145772
145779
145886
146070
146130
146136
146190
146210
146212
146343
146412
146526
146544
146595
146772
146787
146916
146919
146942
146988
147016
147022
147075
147081
147090
147246
147260
147340
147530
147560
147816
147876
147879
147906
147980
148020
148040
148126
148130
148194
148250
148336
148368
148450
148464
148516
148568
148695
148880
149014
149094
149148
149298
149559
149718
149798
149830
149865
149980
150020
150038
150056
150108
150147
150228
150274
150348
150410
150462
150543
150576
150584
150618
150672
150688
150760
150778
150826
150908
150930
150936
150956
150962
151014
151050
151060
151166
151252
151374
151426
151428
151476
151564
151786
151846
151878
151908
151962
151983
152004
152126
152140
152156
152265
152318
152338
152346
152410
152436
152498
152564
152568
152572
152652
152726
152766
152784
152896
152960
153086
153110
153114
153150
153154
153222
153340
153458
153510
153610
153662
153722
153870
153876
153944
154002
154038
154042
154068
154094
154236
154287
154302
154314
154368
154398
154428
154452
154516
154546
154572
154614
154702
154746
154842
154860
154960
155112
155160
155316
155320
155402
155430
155474
155517
155520
155562
155564
155576
155590
155598
155824
155946
155996
156048
156084
156090
156262
156316
156318
156327
156332
156340
156357
156522
156580
156616
156638
156654
156790
156854
156914
156942
156996
157035
157050
157144
157224
157286
157352
157395
157456
157473
157534
157622
157680
157692
157695
157752
157762
157800
157804
157887
157942
157984
158010
158048
158086
158103
158106
158136
158166
158442
158500
158577
158592
158634
158676
158775
158944
158949
159032
159051
159096
159273
159306
159312
159358
159466
159608
159669
159700
159704
159742
159754
159786
159828
159867
159972
159999
160020
160038
160052
160290
160312
160318
160335
160344
160738
160743
160822
161001
161038
161082
161106
161136
161232
161241
161276
161340
161436
161469
161619
161710
161720
161738
161862
161892
161918
162048
162078
162188
162204
162372
162495
162570
162590
162602
162669
162684
162716
162732
162760
162836
162928
162938
163011
163060
163136
163224
163233
163388
163392
163485
163533
163544
163564
163572
163584
163587
163688
163734
163742
163850
163866
163869
163893
163914
163952
164014
164028
164082
164115
164154
164229
164254
164298
164440
164456
164676
164690
164808
164892
164894
164994
165024
165052
165054
165108
165116
165168
165303
165318
165392
165448
165458
165484
165496
165534
165573
165656
165694
165894
165930
165960
166016
166064
166092
166209
166214
166378
166400
166482
166497
166560
166572
166578
166683
166716
166839
166977
167022
167127
167175
167184
167202
167268
167295
167422
167536
167652
167662
167694
167745
167746
167758
167976
167990
167997
168090
168116
168122
168162
168236
168468
168696
168711
168806
168814
168861
168864
168882
168928
168966
168987
169002
169006
169008
169022
169054
169086
169256
169258
169302
169479
169524
169554
169773
169788
169848
169872
169908
169929
170202
170205
170259
170298
170367
170502
170913
170967
171009
171174
171204
171380
171384
171398
171528
171604
171609
171618
171688
171812
171832
171994
172016
172032
172035
172074
172136
172242
172254
172263
172278
172338
172365
172419
172586
172616
172726
172821
172830
172902
172908
172936
172998
173030
173032
173062
173157
173205
173286
173340
173343
173391
173432
173440
173474
173578
173592
173630
173720
173754
173850
173852
173868
174154
174168
174170
174207
174210
174220
174249
174424
174537
174552
174644
174866
174942
175020
175024
175401
175408
175510
175618
175665
175698
175724
175760
175784
175810
175826
175836
175856
175866
175952
175989
176042
176048
176050
176220
176226
176244
176277
176320
176397
176402
176476
176488
176610
176612
176628
176658
176715
176756
176784
176835
176882
176920
176970
177012
177020
177028
177098
177196
177204
177342
177363
177390
177422
177489
177495
177498
177532
177712
177714
177732
177753
177766
177789
177842
177960
177963
178023
178026
178100
178212
178260
178402
178448
178492
178536
178582
178604
178672
178698
178708
178832
178872
178932
179064
179103
179256
179260
179362
179370
179487
179488
179506
179534
179562
179568
179624
179672
179706
179708
179736
179754
179832
179856
179926
180016
180054
180094
180104
180120
180123
180178
180182
180252
180264
180328
180332
180392
180405
180624
180726
180774
180828
180840
180842
180884
180904
180920
180930
180986
180990
180996
180999
181071
181122
181242
181252
181288
181316
181359
181404
181406
181408
181448
181500
181508
181509
181548
181584
181594
181736
181752
181758
181892
181912
181920
181934
182006
182024
182082
182196
182200
182214
182234
182364
182373
182382
182670
182708
182712
182728
182764
182802
182822
182938
182968
182988
183032
183054
183068
183094
183108
183130
183162
183441
183540
183544
183621
183628
183642
183822
183844
183880
183882
183900
183940
183974
183978
183990
184002
184030
184083
184100
184142
184172
184192
184212
184256
184402
184430
184490
184506
184532
184540
184542
184646
184674
184710
184806
184818
184832
184878
184899
184912
184984
184986
185004
185016
185022
185046
185062
185145
185150
185166
185180
185210
185289
185294
185302
185306
185324
185344
185354
185448
185553
185594
185618
185626
185718
185762
185766
185840
185972
186132
186162
186196
186244
186282
186326
186392
186393
186400
186408
186420
186422
186480
186512
186562
186576
186579
186628
186633
186634
186712
186718
186760
186776
186840
186908
186920
186992
186996
187036
187068
187106
187120
187226
187258
187260
187276
187348
187352
187354
187376
187392
187424
187458
187478
187488
187538
187599
187647
187692
187808
187818
187836
187880
187984
188002
188010
188060
188122
188128
188140
188154
188172
188192
188240
188246
188247
188272
188284
188330
188346
188409
188434
188475
188504
188840
188862
188940
188946
189072
189090
189152
189196
189340
189393
189414
189422
189464
189648
189656
189756
189760
189810
189834
189864
189874
190086
190179
190244
190311
190395
190416
190460
190470
190518
190542
190576
190592
190618
190638
190646
190660
190834
190838
190848
190869
190926
190944
191018
191034
191114
191172
191232
191278
191294
191340
191404
191530
191572
191612
191614
191616
191642
191666
191691
191730
191750
191804
191812
191830
191859
191964
192068
192084
192123
192324
192336
192456
192486
192488
192508
192516
192531
192546
192588
192598
192600
192606
192626
192640
192720
192741
192814
192820
192837
192843
192894
192896
192928
193012
193020
193022
193029
193030
193071
193128
193136
193221
193228
193240
193254
193278
193280
193314
193338
193362
193368
193396
193402
193416
193506
193520
193677
193698
193704
193755
193760
193866
193884
193896
193917
193988
194012
194036
194080
194100
194115
194138
194142
194348
194361
194400
194408
194412
194476
194534
194598
194610
194632
194656
194692
194774
194800
194872
194896
194913
194964
195044
195048
195092
195138
195174
195186
195274
195312
195336
195340
195342
195345
195390
195396
195417
195456
195477
195488
195522
195542
195554
195556
195606
195610
195616
195684
195748
195760
195812
195902
195904
195912
195915
196048
196086
196096
196114
196134
196143
196160
196294
196316
196336
196344
196394
196440
196478
196502
196516
196584
196600
196718
196766
196796
196862
196986
196988
197008
197128
197220
197301
197320
197358
197367
197392
197442
197474
197488
197494
197506
197510
197528
197558
197568
197577
197620
197697
197734
197750
197760
197764
197782
197794
197828
197854
197916
198066
198080
198088
198184
198282
198292
198330
198366
198372
198381
198390
198396
198402
198453
198600
198656
198766
198846
198892
198964
198975
198998
199012
199086
199178
199200
199306
199377
199446
199476
199533
199548
199562
199578
199594
199596
199662
199680
199720
199772
199776
199896
199906
199924
199946
199992
200010
200028
200062
200090
200130
200154
200166
200184
200252
200256
200324
200392
200451
200454
200500
200517
200550
200628
200631
200640
200660
200697
200733
200756
200763
200816
200850
200928
200954
200976
201000
201030
201068
201090
201094
201124
201135
201141
201201
201202
201204
201234
201240
201248
201312
201334
201376
201378
201380
201414
201444
201486
201488
201492
201558
201564
201576
201588
201644
201648
201662
201720
201740
201789
201798
201885
201909
201936
201942
202012
202030
202040
202088
202110
202120
202166
202210
202240
202268
202270
202276
202282
202362
202424
202428
202488
202494
202503
202512
202544
202628
202718
202788
202794
202798
202864
202872
202894
202904
202932
203004
203076
203084
203130
203188
203198
203396
203414
203424
203438
203440
203502
203566
203686
203728
203806
203842
203850
203854
203866
203870
203872
203901
203960
203973
203976
204000
204012
204036
204038
204084
204182
204214
204238
204306
204344
204348
204410
204436
204459
204510
204540
204561
204580
204588
204780
204814
204960
204966
205004
205086
205089
205102
205146
205166
205266
205298
205332
205336
205348
205372
205418
205434
205494
205504
205520
205580
205616
205758
205815
205892
205914
205918
205974
205980
205992
206008
206040
206178
206186
206254
206266
206282
206286
206364
206374
206392
206438
206446
206454
206480
206520
206534
206544
206546
206550
206578
206643
206661
206673
206694
206716
206718
206738
206748
206786
206788
206806
206838
206840
207111
207135
207180
207290
207393
207424
207428
207440
207476
207478
207506
207558
207568
207602
207609
207662
207790
207824
207834
207902
207976
207982
208000
208052
208107
208119
208140
208162
208184
208198
208200
208224
208236
208264
208300
208372
208376
208390
208404
208444
208508
208516
208552
208566
208608
208618
208656
208690
208710
208744
208790
208812
209004
209082
209220
209252
209254
209256
209280
209340
209342
209384
209440
209484
209492
209522
209534
209556
209564
209584
209626
209630
209632
209732
209756
209792
209796
209808
209912
209922
209926
209930
209948
210096
210098
210106
210122
210138
210194
210276
210294
210344
210396
210424
210450
210537
210554
210591
210606
210609
210610
210618
210630
210668
210680
210710
210712
210804
210846
210868
210957
210990
211029
211100
211194
211242
211383
211388
211406
211568
211586
211620
211635
211659
211664
211680
211686
211743
211767
211784
211788
211839
211851
211938
212016
212022
212049
212132
212140
212232
212284
212301
212307
212324
212340
212342
212355
212370
212373
212456
212464
212502
212530
212565
212618
212630
212648
212664
212674
212694
212716
212736
212760
212844
212848
212870
212872
212910
212968
213008
213034
213056
213136
213138
213168
213186
213334
213374
213498
213638
213710
213730
213816
213834
213858
213868
213912
213964
214059
214086
214126
214138
214143
214156
214158
214209
214245
214260
214292
214306
214410
214416
214428
214438
214448
214515
214551
214612
214626
214677
214710
214778
214828
214878
214908
214932
214944
215004
215012
215046
215068
215080
215222
215308
215322
215334
215376
215378
215384
215424
215448
215535
215662
215666
215680
215712
215812
215816
215850
215860
215892
215916
215922
215956
215994
216030
216076
216086
216124
216130
216146
216153
216160
216177
216288
216346
216348
216450
216633
216764
217112
217588
217626
217653
217680
217804
217844
217851
218092
218169
218276
218336
218355
218484
218703
218708
218800
218877
218916
218997
219000
219040
219075
219141
219264
219279
219366
219420
219519
219648
219714
219903
219915
220128
220293
220338
220362
220375
220385
220465
220515
220596
220712
220773
220840
220866
220892
221056
221068
221188
221190
221256
221260
221364
221365
221385
221392
221568
221570
221595
221598
221620
221630
221652
221709
221792
221904
221988
222168
222225
222232
222240
222276
222368
222423
222474
222492
222532
222536
222669
222693
222867
222945
222952
222990
223239
223326
223360
223362
223805
223812
223828
223845
223893
223908
224064
224076
224187
224195
224241
224276
224316
224322
224350
224364
224376
224395
224490
224568
224586
224690
224775
224905
224975
225045
225212
225372
225380
225405
225408
225429
225468
225480
225500
225588
225618
225780
226015
226188
226281
226284
226340
226412
226416
226494
226671
226890
226940
227040
227065
227080
227085
227140
227286
227300
227376
227586
227601
227628
227829
227872
227892
227975
228048
228080
228120
228171
228268
228285
228321
228504
228576
228627
228705
228725
228753
228760
228780
228816
228936
228999
229008
229053
229260
229371
229460
229485
229530
229552
229588
229644
229792
229869
229872
229980
229995
230115
230145
230214
230300
230304
230307
230550
230577
230984
231075
231195
231240
231260
231295
231310
231324
231388
231429
231452
231464
231498
231515
231552
231560
231669
231672
231762
231828
231969
232020
232356
232380
232416
232420
232468
232491
232520
232587
232588
232690
232701
232708
232712
232794
232810
232911
232920
232928
232936
233043
233428
233525
233589
233600
233672
233691
233724
233876
233944
233961
234032
234045
234090
234112
234153
234160
234201
234236
234246
234332
234351
234357
234390
234429
234465
234480
234704
234705
234820
234906
234928
235025
235026
235095
235120
235220
235368
235389
235392
235482
235512
235608
235668
235701
235730
235808
235845
235887
236034
236217
236292
236330
236420
236568
236628
236795
236799
236864
236932
236972
237008
237108
237162
237222
237234
237365
237455
237555
237558
237654
237696
237710
237876
237975
237992
238008
238064
238095
238125
238164
238280
238336
238340
238458
238494
238495
238510
238512
238563
238608
238644
238776
238856
238863
238952
238971
238986
239050
239152
239240
239382
239385
239463
239564
239730
239740
239772
239796
239817
239824
239900
240042
240168
240205
240246
240308
240372
240485
240498
240582
240684
240724
240800
240865
240884
240956
241024
241050
241072
241080
241188
241270
241405
241420
241492
241578
241580
241720
241728
241768
241836
241884
241932
242060
242128
242152
242210
242460
242470
242532
242568
242769
242775
242832
242884
242924
242992
243045
243066
243090
243099
243156
243172
243192
243256
243300
243320
243380
243420
243492
243510
243597
243612
243696
243708
243750
243764
243765
243792
243957
244010
244020
244023
244080
244104
244156
244350
244652
244675
244971
244995
245035
245328
245406
245556
245565
245718
245733
245805
245808
246066
246096
246168
246372
246426
246436
246480
246546
246600
246644
246655
246668
246690
246696
246800
246909
247235
247460
247476
247653
247809
247880
247912
247914
248008
248075
248084
248160
248272
248295
248328
248382
248516
248520
248622
248844
248859
248928
249054
249070
249350
249357
249417
249424
249444
249477
249576
249672
249685
249756
249790
249858
249870
249888
249950
250164
250265
250275
250383
250389
250676
250800
250855
250965
251076
251172
251280
251348
251375
251385
251455
251484
251720
251790
251814
251824
251835
251885
251961
252084
252088
252099
252243
252252
252255
252294
252357
252365
252420
252474
252488
252588
252633
252708
252960
253132
253144
253145
253216
253266
253326
253396
253500
253565
253575
253665
253670
253776
253820
253932
254005
254048
254058
254084
254088
254116
254170
254190
254208
254248
254439
254804
254940
254958
255015
255116
255135
255465
255507
255564
255580
255640
255644
255670
255676
255840
255845
255861
255908
255956
256014
256236
256299
256344
256400
256503
256539
256610
256710
256863
256960
257031
257045
257068
257079
257283
257344
257361
257382
257493
257634
257640
257780
257975
258021
258050
258185
258303
258364
258475
258575
258612
258777
258848
258860
258867
259325
259326
259405
259452
259460
259556
259575
259596
259676
259768
259878
259899
259908
259915
259947
260045
260055
260216
260236
260350
260493
260502
260525
260550
260552
260562
260692
260763
260770
260780
260805
260811
260836
260844
260952
261028
261080
261092
261123
261370
261410
261414
261424
261464
261520
261616
261664
261705
261875
261912
261930
261993
262062
262116
262152
262161
262164
262300
262460
262620
262635
262674
262676
262680
262715
262764
262968
263004
263025
263058
263118
263180
263235
263253
263268
263379
263415
263450
263478
263540
263550
263620
263700
263744
263853
264010
264080
264165
264330
264474
264505
264628
264708
264780
264788
264789
264848
264906
264996
265080
265140
265227
265272
265468
265482
265623
265824
265860
265955
266072
266205
266208
266259
266395
266460
266628
266646
266650
266668
266730
266735
266868
266945
266961
267030
267033
267111
267120
267132
267228
267531
267580
267635
267660
267696
267752
267771
267783
267805
267834
267860
267916
267976
268014
268044
268059
268125
268152
268176
268191
268276
268380
268444
268512
268539
268557
268568
268578
268581
268628
268707
268828
268905
268923
268972
268992
269035
269061
269106
269215
269223
269226
269256
269324
269373
269496
269511
269525
269545
269552
269571
269585
269608
269615
269656
269716
269745
269775
269982
269991
270015
270036
270045
270147
270156
270174
270176
270303
270342
270368
270417
270420
270452
270464
270546
270720
270825
270870
270972
271014
271040
271059
271092
271131
271185
271228
271230
271248
271265
271290
271308
271360
271434
271445
271470
271488
271524
271536
271587
271629
271664
271670
271756
271790
271808
271824
271835
271839
271844
271902
271945
271959
271965
272007
272028
272100
272181
272235
272277
272415
272436
272496
272511
272529
272580
272592
272824
272970
272995
273030
273081
273140
273303
273336
273354
273360
273372
273513
273540
273543
273546
273579
273588
273680
273704
273780
273822
273828
273864
273873
274053
274064
274072
274194
274225
274300
274365
274425
274484
274504
274533
274578
274645
274683
274688
274689
274821
274824
274968
275001
275140
275212
275457
275655
275736
275739
275742
275788
275856
275868
276024
276072
276116
276132
276162
276246
276320
276360
276651
276668
276675
276685
276750
276804
276844
276884
276891
276975
277062
277137
277165
277308
277461
277470
277539
277605
277620
277779
277782
277851
277920
277947
277985
278028
278068
278156
278284
278300
278308
278395
278410
278418
278424
278430
278500
278528
278668
278691
278706
278736
278744
278756
278785
278868
278892
278935
278952
278992
278997
279024
279039
279190
279192
279270
279276
279315
279316
279345
279396
279438
279450
279459
279480
279522
279555
279579
279660
279711
279748
279760
279786
279816
279870
279879
279880
279940
279957
279985
280020
280025
280059
280100
280115
280263
280296
280308
280324
280436
280455
280563
280692
280734
280797
280816
280833
281204
281284
281310
281325
281412
281553
281568
281600
281610
281643
281645
281649
281660
281668
281733
281787
281804
281845
281991
282005
282010
282186
282204
282291
282318
282345
282405
282430
282448
282489
282515
282540
282600
282828
282966
282968
283071
283096
283128
283235
283332
283475
283524
283545
283548
283620
283638
283665
283740
283864
283870
283917
283923
283924
283938
283983
284012
284068
284130
284136
284187
284224
284255
284355
284478
284493
284499
284580
284596
284604
284612
284650
284670
284684
284700
284892
284990
285021
285230
285236
285436
285500
285560
285630
285656
285798
285801
285804
285852
285870
285872
285882
285888
286036
286083
286304
286368
286389
286428
286470
286530
286580
286623
286675
286688
286689
286698
286857
286860
286872
287036
287052
287055
287076
287082
287185
287264
287331
287340
287352
287367
287430
287460
287484
287496
287532
287556
287560
287570
287592
287697
287712
287735
287814
287916
287928
288069
288072
288264
288270
288450
288561
288582
288588
288711
288717
288825
288828
288837
288845
288945
288978
288995
289008
289236
289239
289254
289260
289272
289308
289401
289492
289528
289560
289569
289683
289696
289722
289779
289797
289824
289830
289848
289857
289869
289959
290025
290163
290196
290216
290247
290286
290349
290427
290469
290478
290529
290565
290622
290628
290637
290640
290646
290700
290752
290778
291010
291174
291290
291325
291348
291480
291681
291708
291835
291861
291876
291879
291912
291966
292038
292052
292059
292144
292216
292236
292338
292365
292425
292435
292495
292535
292587
292593
292896
292947
292960
292996
293034
293120
293296
293322
293328
293364
293380
293405
293412
293436
293451
293487
293499
293508
293517
293548
293631
293648
293667
293768
293898
293920
293949
294153
294225
294279
294297
294336
294390
294424
294432
294580
294665
294848
294880
294890
294927
295015
295017
295188
295328
295332
295353
295446
295535
295720
295722
295740
295779
295845
295899
296004
296016
296112
296151
296205
296274
296340
296358
296400
296424
296435
296457
296523
296550
296552
296568
296575
296625
296668
296838
296931
297020
297048
297120
297128
297153
297198
297210
297408
297435
297450
297484
297495
297606
297684
297690
297699
297852
297873
297957
297990
298005
298047
298074
298092
298122
298314
298332
298362
298377
298490
298525
298530
298536
298599
298620
298638
298677
298765
298782
298809
298818
298833
298965
298975
298977
299079
299118
299228
299252
299313
299325
299352
299390
299472
299476
299508
299535
299562
299580
299600
299604
299610
299628
299643
299715
299725
299760
299835
299840
299844
299904
299905
299949
300004
300072
300120
300162
300380
300408
300504
300513
300561
300832
300852
300966
301028
301040
301090
301112
301140
301185
301209
301221
301254
301375
301405
301434
301443
301500
301524
301539
301614
301630
301660
301735
301737
301770
301893
302004
302055
302120
302136
302205
302225
302404
302435
302436
302445
302448
302454
302455
302466
302478
302652
302694
302712
302716
302768
302790
302823
302829
302875
302880
302900
302907
302968
303076
303102
303168
303256
303291
303295
303384
303435
303464
303492
303501
303522
303555
303579
303606
303687
303712
303714
303756
303825
303987
304005
304008
304036
304148
304185
304194
304224
304284
304287
304305
304392
304443
304458
304480
304575
304632
304650
304780
304929
304960
305142
305259
305292
305319
305328
305346
305376
305420
305552
305560
305619
305703
305712
305727
305739
305745
305784
305811
305835
305850
305892
305895
305949
305982
306003
306042
306088
306160
306201
306222
306295
306327
306396
306496
306513
306516
306552
306556
306606
306624
306735
306765
306771
306900
306912
306921
307068
307100
307134
307185
307191
307284
307310
307626
307684
307692
307820
307848
307864
307866
307890
307992
308080
308112
308140
308160
308184
308205
308226
308310
308316
308356
308403
308436
308481
308490
308529
308556
308570
308571
308600
308620
308730
308838
308856
308940
308948
308976
309042
309048
309171
309172
309210
309296
309308
309315
309432
309459
309564
309579
309690
309777
309813
309888
309906
309960
310035
310152
310164
310167
310266
310275
310284
310315
310338
310352
310356
310476
310482
310518
310635
310676
310707
310713
310719
310816
310830
310876
310926
311028
311040
311043
311155
311169
311181
311196
311229
311319
311324
311348
311384
311448
311475
311550
311574
311619
311636
311680
311703
311709
311735
311772
311778
311780
311784
311880
311889
311937
311960
311967
312003
312012
312050
312087
312112
312156
312215
312284
312309
312330
312345
312414
312453
312567
312663
312684
312792
312819
312837
312972
312992
313074
313092
313107
313112
313176
313179
313248
313308
313320
313386
313392
313420
313464
313536
313660
313664
313685
313780
313800
313830
313839
313956
314000
314008
314034
314055
314082
314124
314212
314224
314235
314490
314580
314592
314664
314712
314778
314785
314788
314800
314808
314820
314832
314932
314970
315040
315054
315057
315084
315092
315105
315120
315123
315228
315267
315290
315305
315468
315471
315490
315548
315729
315750
315788
315798
315801
315882
315933
315972
316113
316120
316257
316340
316344
316395
316413
316425
316482
316560
316645
316653
316701
316710
316740
316750
316764
316776
316790
316833
316866
316893
317016
317073
317127
317133
317148
317184
317200
317380
317432
317484
317528
317598
317704
317781
317805
317895
317916
317937
317952
317970
318004
318027
318042
318099
318141
318156
318189
318192
318231
318235
318258
318318
318324
318415
318460
318520
318558
318560
318572
318600
318605
318669
318710
318728
318783
318843
318879
318935
318952
319083
319196
319244
319255
319290
319305
319401
319420
319467
319521
319545
319560
319572
319587
319596
319664
319670
319836
319851
319875
320068
320135
320256
320304
320307
320308
320385
320496
320532
320643
320739
320892
320928
321084
321085
321104
321138
321357
321570
321585
321600
321618
321695
321768
321783
321930
321987
322023
322064
322101
322120
322128
322221
322263
322275
322345
322347
322440
322496
322554
322557
322628
322809
322881
322896
323025
323072
323145
323178
323232
323244
323245
323265
323271
323385
323400
323615
323724
323732
323740
323790
323802
324072
324076
324231
324237
324252
324291
324384
324414
324476
324483
324492
324534
324804
324885
324888
324972
324975
324984
325090
325144
325275
325424
325660
326168
326204
326215
326268
326320
326424
326832
326844
327220
327240
327350
327560
327656
327688
327835
327905
327935
327955
327992
328120
328160
328495
328640
328655
328760
328935
329268
329350
329420
329708
329725
329740
329752
329810
329912
329928
329932
329960
330060
330290
330400
330435
330475
330548
330684
330815
330840
330865
330980
331080
331295
331408
331464
331620
331692
331750
331844
331956
332172
332356
332420
332430
332525
332605
332635
332884
332924
333036
333064
333120
333184
333295
333330
333412
333595
333685
333745
333775
333780
333785
333940
334110
334135
334325
334772
334815
334930
334975
335100
335120
335400
335580
335648
335820
335972
336164
336240
336370
336390
336452
336500
336525
336575
336580
336675
336768
336855
336895
337060
337064
337105
337160
337168
337170
337180
337405
337472
337590
337616
337836
338220
338250
338404
338452
338464
338470
338524
338560
338732
338755
338776
338808
338825
339150
339570
339575
339600
339975
339990
340035
340100
340150
340360
340788
340790
340924
341345
341445
341490
341532
341560
341768
341820
341844
341845
342148
342260
342330
342385
342405
342640
342650
342660
342724
342748
342756
342795
342845
342895
343005
343040
343090
343104
343352
343408
343496
343525
343560
343636
343700
343730
344004
344024
344132
344160
344164
344325
344808
344920
344960
344964
345140
345235
345336
345416
345460
345500
345568
345630
345700
345892
345895
346152
346345
346352
346625
346704
346768
346824
346860
347040
347196
347310
347325
347364
347376
347470
347588
347705
347845
347940
348048
348400
348620
348672
348680
348875
348945
348952
348976
349020
349240
349270
349405
349555
349660
349705
349765
349904
350265
350295
350432
350516
350612
350685
350770
350844
351032
351044
351055
351104
351345
351360
351444
351525
351844
351885
351944
351948
352055
352076
352152
352155
352256
352356
352528
352540
352576
352668
352868
353110
353112
353500
353585
353630
353805
353844
353852
353856
353880
353910
353984
354032
354076
354140
354265
354288
354464
354472
354520
354600
354605
354615
354645
354896
355050
355088
355190
355208
355408
355584
355668
355685
355716
355768
355785
355804
355828
355840
355888
356144
356290
356352
356356
356372
356676
356764
356792
356936
356948
356968
357168
357200
357204
357288
357292
357316
357504
357600
357720
357810
357855
357890
357895
357905
357948
358100
358120
358150
358188
358205
358215
358220
358296
358352
358420
358460
358472
358560
358580
358612
358625
358704
358804
358824
358828
358932
358980
359036
359040
359108
359168
359184
359272
359288
359324
359540
359548
359620
359680
359690
359784
359820
359890
359925
360040
360060
360170
360180
360212
360248
360280
360340
360488
360530
360550
360595
360624
360708
360730
360885
360976
361012
361060
361144
361220
361370
361372
361536
361595
361612
361640
361775
361896
361944
362000
362140
362240
362280
362344
362376
362528
362540
362584
362655
362708
362888
362984
363040
363176
363184
363240
363360
363376
363445
363496
363510
363580
363732
363804
363805
364035
364065
364104
364105
364175
364312
364545
364552
364575
364576
364604
364628
364660
364732
364820
364848
364852
364965
365020
365085
365124
365170
365410
365412
365415
365420
365510
365536
365688
365690
365695
365725
365740
365755
365815
365820
365856
365892
365900
365932
365940
365948
366115
366276
366296
366328
366365
366512
366535
366540
366544
366708
367260
367328
367350
367408
367424
367450
367452
368180
368184
368252
368285
368368
368416
368525
368565
368648
368672
368772
368775
368808
368816
368852
368875
368936
368950
368996
369040
369056
369164
369208
369256
369304
369380
369544
369612
369728
369744
369752
369764
369820
369850
370290
370452
370590
370670
370965
370968
371000
371010
371040
371135
371136
371200
371212
371276
371360
371400
371428
371432
371472
371628
371764
371765
371888
371920
371935
371936
371992
372056
372076
372144
372152
372268
372272
372292
372390
372472
372512
372592
372640
372650
372700
372788
372792
372888
372996
373050
373148
373364
373392
373450
373452
373550
373655
373680
373690
373824
373968
374008
374092
374225
374275
374500
374735
374845
374864
374865
375060
375535
375600
375740
375765
375960
376032
376036
376212
376265
376280
376330
376350
376376
376412
376436
376560
376605
376704
376732
376736
376790
376870
376952
377225
377460
377556
377660
377664
377715
377735
377740
377912
377968
378028
378152
378168
378225
378228
378255
378285
378400
378428
378515
378552
378576
378604
378652
378676
378692
378708
378776
378832
379180
379190
379208
379260
379360
379380
379480
379524
379560
379605
379616
379672
379688
379724
379740
379800
380000
380200
380272
380444
380450
380530
380548
380550
380615
380648
380655
380660
380670
380792
380808
380865
380890
380965
381008
381105
381215
381370
381392
381600
381705
381725
381728
381912
381972
381985
382004
382068
382096
382205
382256
382320
382368
382370
382392
382472
382512
382576
382600
382612
382720
382852
382920
382930
383140
383272
383385
383408
383412
383444
383540
383620
383632
383800
383890
383928
384064
384096
384184
384190
384248
384300
384316
384416
384432
384600
384632
384636
384672
384815
384868
384876
384985
385004
385040
385070
385160
385280
385350
385390
385395
385420
385424
385476
385500
385504
385560
385648
385712
385768
385800
385804
385860
385900
385932
385936
386048
386055
386135
386192
386252
386292
386345
386412
386420
386468
386828
386840
386905
386936
386965
387028
387060
387092
387175
387205
387276
387312
387376
387385
387430
387524
387568
387648
387652
387660
387672
387680
387865
387948
388000
388096
388136
388155
388228
388304
388312
388375
388490
388584
388616
388720
388736
388776
388780
388892
388920
388976
389024
389044
389056
389105
389208
389265
389275
389276
389280
389312
389325
389392
389395
389468
389572
389724
389815
389840
390096
390148
390160
390232
390392
390430
390560
390570
390605
390812
390832
390844
390950
391010
391290
391500
391528
391575
391604
391665
391720
391820
391825
391844
391910
391936
392032
392175
392304
392324
392430
392604
392620
392715
392852
392924
392964
393024
393030
393075
393096
393105
393248
393428
393435
393524
393560
393616
393624
393625
393635
393648
393684
393875
393940
393944
393948
394168
394268
394276
394290
394315
394470
394595
394712
394715
394780
394840
394845
394980
394990
394992
395050
395112
395125
395244
395360
395700
395740
395900
396032
396084
396320
396505
396536
396685
396750
396756
396800
396828
396840
396880
396988
397040
397048
397224
397233
397376
397384
397472
397544
397652
397680
397692
397696
397712
397848
397924
398036
398048
398100
398152
398176
398248
398325
398420
398436
398448
398455
398524
398552
398576
398640
398648
398660
398760
398812
398916
398950
398968
399068
399072
399080
399088
399176
399220
399420
399452
399465
399480
399625
399640
399656
399676
399840
399880
399978
400064
400165
400300
400310
400408
400520
400552
400612
400752
400797
400820
400835
400836
400848
401010
401205
401328
401385
401540
401552
401635
401715
402072
402105
402135
402352
402368
402444
402540
402555
402584
402696
402856
402920
402944
402980
402988
403064
403156
403263
403280
403336
403340
403364
403404
403456
403496
403632
403712
403796
403816
404132
404160
404168
404204
404216
404355
404376
404492
404496
404552
404600
404630
404667
404703
404720
404820
404928
404945
404988
405120
405130
405243
405260
405268
405272
405330
405350
405370
405468
405488
405545
405632
405652
405688
405692
405819
405830
405896
405935
405956
405972
406016
406044
406108
406140
406252
406504
406565
406580
406612
406688
406740
406750
406900
406992
407108
407140
407240
407376
407435
407624
407645
407760
407875
407980
407992
408136
408212
408244
408256
408357
408375
408376
408384
408604
408616
408764
408776
408895
408920
408928
408932
409052
409056
409060
409085
409192
409195
409225
409232
409266
409295
409305
409700
409716
409810
409848
409850
410104
410140
410270
410432
410445
410456
410484
410640
410724
410748
410872
410972
411020
411060
411065
411264
411300
411332
411336
411352
411424
411432
411440
411480
411488
411520
411532
411812
411816
411840
411858
411895
412080
412108
412110
412335
412400
412428
412440
412468
412692
412716
412824
412920
412980
413095
413100
413160
413205
413208
413252
413356
413488
413495
413516
413568
413610
413780
413784
413930
413932
413960
413964
414032
414112
414160
414224
414270
414324
414335
414384
414480
414536
414596
414644
414696
414780
414890
414936
414944
414960
415000
415080
415220
415412
415480
415484
415640
415665
415864
415880
415895
415968
415996
416000
416016
416035
416048
416106
416112
416148
416151
416320
416375
416376
416380
416420
416421
416544
416592
416660
416868
416905
416984
417068
417124
417145
417168
417204
417240
417272
417280
417344
417490
417520
417536
417668
417760
417788
417808
417872
417896
417904
417928
418016
418072
418155
418230
418232
418384
418392
418424
418552
418560
418645
418840
418908
418950
419032
419248
419255
419275
419410
419424
419472
419528
419532
419710
419725
419812
419840
419860
419870
419912
419984
420055
420084
420129
420304
420332
420404
420436
420453
420498
420536
420540
420560
420648
420705
420786
420816
420828
420900
420930
421040
421132
421170
421175
421176
421275
421285
421356
421412
421470
421533
421680
421685
421736
421744
421794
421808
421836
421904
421960
421964
422118
422196
422220
422344
422388
422435
422500
422540
422608
422672
422752
422944
422980
423070
423164
423168
423192
423220
423275
423285
423364
423368
423385
423486
423549
423555
423560
423588
423608
423765
423816
423828
423872
423975
424076
424143
424152
424156
424240
424335
424348
424368
424440
424532
424548
424744
424935
424944
424952
424970
425116
425142
425208
425232
425295
425304
425324
425360
425410
425840
425850
425864
425920
425975
425988
426032
426056
426120
426285
426368
426510
426576
426664
426792
426868
426916
426968
426976
427016
427112
427120
427124
427296
427365
427436
427446
427504
427530
427540
427688
427856
427884
427924
427960
428096
428216
428395
428409
428436
428512
428598
428664
428944
428975
428984
429024
429056
429148
429196
429201
429208
429264
429444
429455
429480
429605
429736
429764
429792
429800
429820
429900
429905
429936
429944
430110
430148
430175
430209
430256
430280
430324
430592
430660
430804
430844
430848
431064
431184
431228
431252
431264
431307
431348
431352
431448
431520
431540
431550
431568
431692
431700
431768
431895
431936
431964
432048
432075
432080
432125
432212
432272
432280
432324
432325
432364
432480
432492
432616
432636
432770
432788
432816
432944
432975
433000
433104
433150
433168
433235
433386
433410
433424
433431
433552
433773
434255
434285
434504
434510
434547
434862
434940
435006
435010
435270
435285
435376
435584
435600
436064
436240
436788
436848
437208
437232
437344
437424
437792
437796
437870
437886
438048
438255
438305
438416
438534
438669
439088
439140
439290
439380
439440
439510
439635
439800
439815
440145
440172
440250
440370
440385
440620
440649
440650
440710
440830
440864
440950
441032
441205
441234
441285
441485
441531
441666
441895
441960
442464
442496
442530
442576
442645
442664
442736
442773
442880
442888
442890
442910
442960
443050
443085
443235
443350
443352
443470
443745
443835
443862
443875
443952
443968
444042
444048
444235
444280
444296
444320
444355
444384
444405
444528
444745
444762
444816
444880
445086
445485
445488
445518
445696
445887
446022
446424
446465
446575
446605
446610
446616
446635
446976
446995
447360
447365
447485
447608
447770
447875
448000
448045
448070
448144
448208
448227
448408
448455
448620
448655
448760
448824
448860
449085
449163
449264
449280
449465
449525
449950
450000
450008
450045
450099
450125
450144
450150
450248
450270
450432
450464
450510
450530
450736
450810
450950
451150
451248
451323
451336
451432
451525
451550
451640
451670
451910
451912
451915
452020
452090
452496
452583
452628
452780
452792
452871
452904
452970
453304
453335
453544
453595
453625
453705
453720
453785
453825
453830
453855
453885
454140
454145
454355
454385
454450
454460
454475
454512
454544
454595
454605
454680
454720
454725
454775
454784
454850
454935
454940
455000
455055
455350
455390
455630
455745
456273
456325
456372
456408
456465
456480
456496
456550
456624
456665
456795
456840
456950
456970
456995
457092
457215
457224
457235
457250
457255
457375
457385
457398
457460
457660
457672
457710
458040
458525
459128
459140
459285
459300
459615
459648
459660
459760
459825
459848
460050
460280
460560
460605
460645
460647
460680
460683
460705
460730
460745
460760
460872
460925
461120
461136
461160
461200
461295
461380
461425
461432
461445
461460
461645
461718
461776
461790
461840
462123
462200
462208
462258
462390
462415
462663
462704
462815
462896
463014
463060
463088
463340
463456
463500
463632
463685
463716
463792
463895
463896
463950
464024
464072
464312
464325
464345
464409
464420
464450
464472
464505
464760
465125
465200
465205
465296
465385
465550
465633
465728
465845
465955
466020
466160
466376
466380
466544
466552
466620
466623
466690
466775
466832
466950
467010
467451
468160
468245
468330
468560
468819
468875
468918
468940
469130
469208
469424
469480
469624
469650
469688
469704
469820
470170
470178
470195
470250
470400
470568
470595
470620
470664
470705
470720
470781
470820
470920
470990
471005
471340
471348
471429
471495
471570
471575
471750
471925
472070
472077
472510
472665
472830
473031
473050
473145
473166
473184
473395
473589
473634
473650
473795
473805
473814
473832
473920
473931
473960
473965
474000
474021
474040
474066
474090
474125
474270
474325
474380
474410
474664
474808
474867
475165
475190
475650
475665
475715
475740
475900
475975
476200
476208
476215
476304
476320
476385
476425
476510
476555
476616
476940
477040
477080
477100
477250
477435
477515
477650
477891
477955
477960
478080
478107
478136
478185
478341
478800
478815
478860
479025
479050
479080
479286
479420
479460
479536
479538
479610
479824
480015
480339
480400
480610
480635
480798
480832
480880
480933
481208
481221
481275
481420
481536
481568
481640
481775
481815
481890
482030
482115
482175
482232
482370
482375
482448
482535
482625
482630
482650
482665
482710
482770
482780
482885
482890
482904
483105
483355
483363
483462
483530
483590
483630
483808
483813
483992
484000
484083
484150
484165
484190
484270
484580
484605
484640
484832
484835
484888
485210
485478
485541
485766
485795
485975
485985
486048
486054
486064
486095
486170
486180
486198
486290
486312
486320
486395
486416
486420
486459
486513
486590
486605
486665
486710
486725
486800
486860
486990
487135
487180
487242
487272
487345
487424
487455
487476
487536
487720
487836
487926
487955
487985
488000
488232
488260
488370
488430
488465
488565
488925
488965
488985
489072
489096
489185
489190
489220
489245
489360
489480
489485
489605
489636
489690
489810
489906
490000
490275
490475
490491
490520
491022
491050
491115
491215
491292
491320
491340
491445
491562
491815
491875
491950
492185
492208
492385
492440
492800
492875
492915
492975
493065
493100
493209
493236
493270
493440
493560
493596
493758
493830
493870
493880
494370
494405
494456
494555
494740
494800
494810
494935
495050
495100
495120
495160
495189
495205
495216
495285
495396
495414
495485
495665
495774
495776
495780
495801
496130
496145
496287
496340
496510
496660
496728
496760
496775
496840
496854
496872
496875
496920
496935
497070
497225
497245
497250
497300
497350
497525
497555
497632
497728
497754
497832
497885
497920
497940
498123
498296
498420
498483
498546
498680
498940
499096
499428
499440
499485
499580
499705
499815
499820
499835
499875
499905
499941
499980
499995
500013
500056
500065
500215
500220
500301
500345
500352
500360
500382
500450
500520
500610
500680
500710
500740
500770
500830
501155
501270
501312
501390
501480
501715
501775
501810
502000
502064
502080
502128
502168
502192
502200
502220
502384
502425
502445
502461
502510
502680
502800
502848
502940
502992
503045
503160
503185
503270
503295
503352
503360
503400
503465
503649
503690
503811
503950
504015
504040
504095
504215
504230
504500
504505
504555
504639
504774
504792
504909
504915
505305
505330
505355
505370
505460
505680
505720
505795
505880
506200
506380
506464
506505
506600
506745
506754
506768
506844
506875
506880
507040
507168
507250
507275
507375
507410
507425
507475
507485
507620
507680
507771
507807
507910
507930
508064
508080
508135
508275
508347
508392
508550
508580
508632
508752
508800
508835
509112
509190
509193
509400
509440
509460
509525
509590
509995
510115
510165
510216
510355
510365
510399
510415
510430
510630
510725
510745
510816
510850
510876
510952
511096
511110
511350
511432
511434
511448
511470
511704
511830
511875
511890
511984
512080
512125
512285
512336
512340
512456
512495
512622
512720
512850
512872
512912
512980
513170
513200
513304
513395
513423
513555
513603
513760
513780
513830
513896
513905
513940
513945
514025
514055
514160
514180
514255
514320
514390
514410
514485
514540
514580
514585
514620
514645
514650
515124
515240
515275
515295
515430
515460
515475
515536
515619
515646
515710
515790
515825
515880
515885
516024
516165
516220
516395
516416
516425
516460
516560
516710
516825
516890
516975
517080
517140
517428
517552
517750
517875
517888
517895
517910
518230
518260
518280
518410
518500
518535
518595
518688
518769
518895
518912
518922
518970
519008
519010
519315
519455
519500
519685
519768
519910
520090
520230
520360
520480
520505
520605
520713
520785
520835
521125
521152
521170
521181
521410
521577
521775
521780
521810
521864
522008
522099
522144
522162
522260
522485
522696
522900
522920
523015
523080
523320
523400
523525
523545
523638
523690
523980
524045
524079
524155
524240
524241
524352
524525
524675
524835
524888
524925
524940
524945
525040
525070
525120
525135
525250
525285
525315
525400
525420
525472
525575
525590
525595
525675
525704
525745
525910
525935
526050
526225
526284
526355
526360
526510
526580
526640
526730
526815
526830
527000
527175
527292
527616
527724
527800
527864
527872
527960
528669
528688
528784
528822
529096
529168
529270
529336
529512
529540
529650
529750
529960
529992
530028
530110
530344
530384
530440
530728
530765
530780
531036
531040
531045
531384
531495
531648
531664
531770
531882
531891
532080
532190
532205
532296
532304
532570
532575
532680
532685
532730
532746
532768
532860
532953
532975
533165
533235
533528
533680
533712
533856
533928
534072
534175
534464
534474
534843
534856
535000
535041
535122
535140
535295
535380
535440
535626
535820
535840
535850
535855
535912
535990
536010
536320
536328
536370
536525
536540
536562
536665
536710
536725
536825
536832
536845
537030
537080
537340
537375
537415
537520
537568
537606
537680
537740
537776
537920
537935
537993
538105
538112
538205
538232
538305
538368
538390
538535
538650
538664
538915
539015
539085
539250
539440
539545
539695
539725
539784
539904
539920
539952
539985
540025
540090
540160
540180
540184
540198
540252
540380
540535
540640
541130
541215
541232
541272
541288
541320
541430
541584
541656
541960
542403
542632
542984
542988
543200
543222
543339
543360
543536
543680
543816
543896
544136
544293
544528
544653
544776
544851
544880
545463
545800
545832
545840
545896
545936
545940
546032
546093
546282
546536
547200
547272
547515
547533
547623
547840
548048
548127
548154
548325
548334
548384
548400
548631
548829
549009
549198
549297
549441
549486
549776
549810
550048
550112
550216
550432
550719
550880
551097
551394
551552
551760
551824
552144
552258
552618
552696
553088
553194
553376
553632
554080
554848
554967
554985
554992
555813
555858
555903
555960
556072
556120
556146
556408
556496
556600
557264
557415
557703
557937
557982
558024
558378
558456
558496
558600
558810
558920
559032
559056
559096
559232
559746
559755
560272
560320
560384
560421
560744
560816
560835
560907
561072
561141
561144
561267
561402
561663
561680
561728
561792
562185
562365
562401
562544
563202
563247
563544
564600
564660
564723
565155
565608
566100
566104
566880
566904
567120
567232
567270
567304
567736
567936
567944
568377
568736
568816
568856
568888
568928
569430
569520
569619
569848
569944
570904
570906
571088
571232
571280
571568
571720
571848
572463
572704
572877
572888
572960
573066
573176
573534
573584
573840
574236
574336
574704
574888
575000
575184
575336
575360
575388
575397
575415
575487
575505
575528
575604
575720
575960
576024
576360
576480
576944
577062
577496
577792
577976
578200
578256
578304
579114
579192
579360
579680
579728
580192
580400
580824
581176
581301
581584
581896
582516
582704
583155
583296
583912
584048
584080
584154
584224
584232
584784
584792
585126
585576
585621
585684
585696
585729
585783
586160
586264
586704
586773
586782
586908
587544
587727
587728
587824
588078
588195
588376
588474
588501
588645
588897
589200
589576
589959
590274
590632
590787
590922
591651
591776
591858
592110
592192
592232
592560
592720
592792
592839
592884
592928
592983
593216
593280
593568
593648
594270
594536
594954
595035
595088
595168
595260
595332
595888
596259
596367
596504
596691
596704
596776
596889
596943
598419
598424
598920
599048
599336
599560
600088
600210
601024
601128
601136
601344
601380
601608
601880
601911
601929
601936
602000
602505
602520
602544
603016
603184
603288
603688
603728
603747
603900
604016
604064
604224
604304
604392
604736
605043
605096
605106
605136
605142
605280
605304
605744
605898
605976
606048
606248
606267
606330
606600
606656
606879
607131
607136
607288
607464
607689
608220
608936
609156
609651
609912
610191
610208
610296
610326
610360
610596
610816
611109
611400
611456
611560
611648
611776
611992
612000
612232
612297
612432
612608
612747
612880
613144
613206
613800
613816
613856
614241
614511
615016
615096
615663
615690
615897
615912
616122
616432
616472
617256
617272
617496
617656
617823
617913
618174
618417
618424
618656
618831
618984
619008
619120
619254
619299
619544
619677
619686
619768
619857
619880
619960
619968
620208
620304
620744
621264
621328
621441
621666
621693
621801
621856
622224
622424
622593
622808
622953
623106
623493
623720
623744
623824
623840
624072
624480
624512
624654
625113
625302
625437
625944
626238
626598
626697
626712
626728
626760
626949
627678
627822
627849
627896
628096
628288
628614
628857
628902
629109
629325
629487
629584
629624
629694
629736
629920
630054
630072
630120
630416
630450
630632
630963
631089
631242
631400
631692
631840
632565
633400
633429
633440
633492
633704
634113
634410
634473
634968
635032
635096
635274
635560
636376
636390
636552
636688
637032
637104
637326
637496
637578
637605
637792
637832
638240
638316
638523
638532
638560
638676
638688
639279
639567
639632
640248
640296
640368
640386
640488
640719
640912
640920
641331
641536
641844
642016
642087
642420
642704
642720
642848
643824
643896
644724
645543
645984
646696
647100
647226
647344
647528
648360
649128
649359
649600
649800
650079
650160
650304
650574
650792
651016
651321
651636
651708
651728
652184
652440
652608
653031
653048
653058
654008
654390
654520
654560
655137
655182
655384
655784
655803
656016
656154
656397
656608
656703
656757
657224
657351
657540
657963
658035
658989
659936
660176
660720
660726
660915
660942
661040
661224
661293
662211
662568
662595
662808
663045
663285
663600
663720
664074
664584
664767
665181
665307
665408
665568
665694
665766
665808
665892
665928
666072
666144
666232
666255
666648
666738
667098
667140
667188
667544
667674
668085
668169
668205
668277
668340
668664
668672
668680
668682
668712
668763
669006
669045
669435
669582
669600
669880
669896
670005
670016
670065
670140
670158
670400
670410
670688
671427
671553
671592
671840
671931
672105
672472
672544
672872
673011
673016
673088
673635
673760
673815
674072
674224
674488
674536
674847
674880
675120
675135
675200
675216
675234
675315
675522
675684
675780
676000
676044
676208
676232
676400
676476
676528
676616
676647
676680
676683
676692
676710
676989
677504
677853
678540
678776
679040
679050
679500
679554
679605
679689
680240
680295
680391
680490
680877
680922
680994
681291
681588
681705
681894
682155
682218
682569
682812
682890
683100
683490
684312
684396
684408
684544
684936
685056
685188
685232
685320
685344
685500
685695
685701
685896
686142
686628
686772
686880
686943
687216
687258
687429
687456
687472
687474
687496
687762
687852
687996
688168
688384
688815
688824
688851
688888
689104
689624
689733
689868
690032
690075
690080
690147
690240
690304
690320
691083
691119
691288
691470
691896
692208
692280
692800
692856
692928
693009
693135
693495
693672
693720
693747
693945
694008
694026
694197
694632
694674
694782
694953
695016
695120
695160
695192
695336
695358
695439
695493
695538
695970
696024
696090
696224
696232
696480
696544
696564
696570
696672
696688
696696
696760
696960
697096
697264
697383
697608
697744
697770
698040
698264
698320
698344
698352
698512
698528
698778
698967
698992
699560
700020
700083
700569
700776
700896
700936
701100
701136
701168
701336
701343
701360
701415
701757
701808
702108
702168
702255
702264
702392
702477
702648
702900
702968
703020
703024
703128
703290
703365
703392
703552
703602
703648
703701
703752
703905
703912
704304
704490
704504
704640
704664
705208
705320
705474
705648
705776
705861
705906
706023
706095
706152
706160
706176
706293
706347
706437
706440
706472
706552
706599
706665
706760
706984
707256
707409
707550
707565
707670
707696
707768
707864
708040
708444
708520
708687
708744
709095
709160
709236
709950
709968
710244
710379
710505
710528
710640
710676
710720
711464
711738
711891
711963
712192
712224
712904
712928
712976
713169
713490
713600
713616
713720
713745
713920
713988
714123
714267
714368
714464
714816
714848
714976
715064
715080
715152
715221
715311
715352
715356
715464
715528
715624
715830
715887
715912
715950
716056
716058
716416
716576
717272
717624
717712
717804
717808
717840
717885
717975
717984
718080
718104
718264
718290
718542
718872
719136
719397
719928
719944
720048
720056
720060
720176
720192
720280
720312
720384
720744
721020
721044
721296
721350
721377
721528
721552
722085
722264
722448
722475
722502
722552
722556
722576
722664
722826
723060
723150
723192
723360
723447
723648
723904
723933
723992
724000
724016
724056
724384
724504
724552
724590
724605
724680
724923
725040
725128
725136
725175
725265
725325
725440
725562
725568
725664
725787
726024
726296
726328
726420
726680
726704
726960
726976
727080
727104
727504
727695
727713
728019
728072
728115
728544
728600
728672
728800
729144
729306
729376
729384
729525
729536
729616
729632
729720
729840
729885
730017
730035
730179
730744
731008
731280
731432
731493
731655
731880
731952
732096
732112
732429
732564
732573
732750
732924
733635
733743
733760
734752
734868
735075
735285
735568
735651
735744
735800
736083
736260
736312
736376
736648
736856
736950
737316
737432
737442
737504
737584
737600
737760
737776
737784
737912
737925
737955
738104
738105
738240
738423
738480
738560
738570
738621
739024
739275
739296
739568
739672
740040
740151
740336
740456
740512
740538
740552
740565
740880
741042
741045
741150
741400
741492
741560
741609
741664
741808
741870
742008
742128
742158
742335
742616
742752
742832
743247
743301
743360
743456
743553
743841
743910
744008
744045
744088
744344
744570
744608
744651
744723
744831
744856
744960
745152
745240
745353
745479
745485
745605
745704
745768
745911
745952
745995
746040
746112
746240
746310
746312
746488
746544
746622
746721
746752
747032
747063
747126
747200
747531
747645
748000
748062
748200
748242
748467
748496
748560
748746
748768
748816
749061
749072
749080
749124
749151
749184
749190
749216
749248
749322
749384
749400
749552
749592
749728
749805
749820
750088
750096
750104
750224
750312
750780
750824
750960
751125
751160
751208
751672
751960
752121
752184
752280
752295
752408
752418
752440
752456
752460
752600
752928
752955
753660
753944
753992
754104
754290
754480
754568
754752
754808
754935
755024
755120
755240
755289
755370
755490
755840
756184
756400
756760
756783
757026
757629
757845
757904
757920
758000
758010
758120
758240
758408
758480
758790
759258
759315
759330
759408
759456
759864
759885
760050
760152
760293
760380
760482
760491
760707
760928
760977
761032
761058
761248
761328
761520
761778
761872
762104
762200
762240
762264
762360
762372
762435
762525
762606
762616
762688
762768
762825
763185
763576
763650
763672
763752
763785
763812
763830
763880
764019
764082
764388
765208
765800
765920
765952
766152
766408
766720
766764
766872
767025
767169
767304
767360
767584
767712
767775
767840
768544
768987
769032
769504
769590
769728
769875
769941
770416
770835
771032
771192
771328
771336
771984
772112
772344
772389
772464
772506
772740
772760
772888
773010
773136
773328
773552
773568
773728
773991
774248
774520
774864
775112
775160
775251
775269
775545
775611
775905
776080
776248
776295
776304
776310
776368
776400
776568
776655
776728
776824
776907
776970
776992
777032
777045
777248
777312
777345
777352
777392
777480
777688
777717
778096
778368
778448
778743
778880
779352
779528
779624
779704
779784
780080
780435
780504
780560
780831
780960
781170
781368
781950
782025
782040
782296
782312
782328
782352
782379
782460
782541
782568
782676
782816
782901
782928
783000
783027
783099
783264
783315
783324
783333
783704
783705
784044
784272
784504
785304
785360
785475
785835
785984
786015
786176
786224
786285
786328
786400
786440
786504
786632
786696
786840
786864
786870
786920
786960
786987
787329
787536
787788
787860
788409
788432
788576
788616
788655
788679
788925
789032
789135
789368
789408
789440
789465
789561
789735
789813
789864
789944
790016
790096
790260
790416
790496
790551
790686
790713
790767
790935
791136
791469
791496
791960
792351
792441
792756
792784
793032
793125
793305
793647
793736
793737
793773
793791
793818
793830
794034
794178
794205
794264
794715
794865
794872
794889
794898
795030
795320
795336
795384
795405
795456
795640
795784
795808
795840
795928
796160
796374
796401
796592
796599
796617
796624
796656
797032
797104
797344
797456
797504
797517
797544
797704
797776
797840
797868
798024
798048
798273
798656
798736
799011
799164
799227
799336
799536
799542
799728
799731
800016
800226
800240
800288
800328
800744
800752
800888
800952
801108
801198
801448
801495
801512
801568
801864
801928
801968
801999
802104
802112
802224
802341
802584
802650
802899
803040
803241
803304
803376
803403
803592
803672
803784
803896
803936
803979
804024
804056
804096
804258
804376
804456
804537
804564
804608
804618
804864
804930
804975
804990
805041
805456
805512
805552
805672
805752
805770
805869
805984
806016
806103
806176
806360
806472
806535
806643
806688
806715
806792
807080
807096
807138
807232
807384
807496
807640
807688
807990
808040
808048
808200
808256
808312
808576
808614
808856
808857
808872
809008
809208
809352
809416
809442
809469
809496
809604
809688
810027
810360
810488
810728
810738
810760
810960
811089
811140
811216
811656
811672
811712
811971
812024
812115
812440
812536
812552
812628
812844
812862
812960
813048
813056
813213
813344
813576
813717
813807
814128
814509
814552
814656
814716
814980
815184
815328
815409
815432
815640
815679
815680
815688
815856
815931
816160
816195
816228
816273
816381
816435
816520
816544
816615
816633
816640
816687
816840
816928
817011
817065
817110
817120
817137
817264
817280
817304
817352
817410
817434
817456
817560
817728
817815
817888
818073
818088
818118
818127
818220
818235
818280
818288
818328
818370
818488
818536
818552
818592
818775
818805
818829
818840
819030
819036
819054
819072
819096
819180
819240
819252
819333
819540
819558
819832
819837
819968
820188
820200
820216
820256
820296
820404
820632
820710
820773
820792
820800
821080
821088
821144
821160
821277
821355
821424
821776
821864
821896
821904
821992
822136
822376
822447
822504
822510
822512
822936
822960
823016
823216
823248
823266
823272
823320
823344
823356
823437
823472
823520
823581
823712
823760
823944
824096
824211
824232
824340
824360
824490
824704
824760
824784
824808
824864
824877
825488
825512
825880
826005
826047
826064
826095
826192
826480
826506
826544
826744
826832
826893
826980
827073
827136
827176
827192
827289
827340
827536
827552
827715
827721
827728
827752
828135
828153
828165
828510
828735
828747
828975
829024
829184
829290
829305
829544
829880
830048
830128
830168
830169
830178
830556
830592
830664
830792
831006
831348
831384
831429
831570
831616
831726
831870
832185
832248
832320
832384
832432
832581
832832
832840
832896
833385
833391
833552
833656
833670
833672
833752
833792
833880
834045
834160
834224
834381
834512
834560
834669
834792
834795
834800
834816
834960
834975
835008
835016
835236
835280
835400
835500
835659
836154
836532
836544
836576
836784
836838
836856
836888
836946
837000
837105
837405
837486
837632
837645
837837
837896
837944
838040
838056
838096
838376
838404
838620
838755
838976
839056
839385
839457
839672
839744
839856
840032
840136
840224
840288
840474
841216
841581
841600
842048
842319
842454
842584
842656
842680
842744
842792
842920
843102
843174
843210
843368
843372
843424
843435
843471
843516
843624
843656
844731
844974
845145
845235
845296
845664
845685
845739
845745
845766
845768
845792
845811
845904
845952
846024
846272
846304
846432
846768
846800
846912
846975
847168
847400
847566
847605
847624
847728
847845
847912
848120
848528
848656
848709
848736
848752
848776
848955
848970
849240
849303
849420
849525
849672
849696
849928
850072
850208
850275
850488
850560
850572
850671
850672
850952
851058
851144
851148
851175
851376
851536
851625
852120
852144
852489
852696
852750
852928
852993
853038
853080
853353
853371
853400
853410
853461
